16cell	4cell	8cell	zygote	blast	2cell
Arrdc1	9.72159806095107	11.75714165653	10.3570608153772	9.02592507503222	1.17209552098631	9.18756915067571
Mrpl15	12.3446719493707	10.8995002129935	11.8649367222276	1.04320392186634	11.3159067284822	7.34842121245628
Stac2	9.09123463361349	10.8195604652502	9.84371488358585	0	0	9.59551532378318
Cnnm4	10.4511432523195	9.5352655044132	10.5534928095636	8.88866574493332	8.70341871691041	7.88967222651884
Gdf3	9.1883464724349	2.0833106496833	9.29447693703819	0	10.120391631807	2.70125143919053
Gm13718	9.47833628687039	13.0829010774879	11.0018184274206	0.419730730669755	0	12.173790214744
Gm16515	6.9530994614534	11.456511550197	9.76379477818712	12.6389686506089	7.47070494771057	11.6618795796116
Tmem87b	9.14025955194448	10.8339760606796	9.62899060283827	9.90808447820624	6.89118612660918	9.56295198741001
Lin28a	9.73672462958223	8.81154202112428	8.94603400057506	11.2376586280701	3.49911628925603	8.94921499978432
Gcat	9.1557429015785	0	9.37710013139197	5.23501511165799	9.91830044036097	0.334378070557017
Xbp1	5.44098375044154	0	5.18339909635108	0.340770982792962	9.03174131123302	0
Bcl2l14	9.39067955779414	10.9221469582216	10.6321594128167	0	8.56490028156031	8.05037382103711
Nin	11.3677934639462	12.7412707953023	12.2777177199832	11.6532813363134	1.3709158974847	12.1873154611623
Capg	0	0	0	0.875977380042376	10.1367993850377	0
Enpep	1.54355282530861	0	4.48897009904173	7.133540108183	11.4712575756232	4.70875629678457
Kbtbd8	4.67697577752381	10.1338279128035	8.52560270416155	13.5538484921659	0.949924943230431	12.3601794143239
Ptges	11.9683173750898	3.54376332975891	11.8011523005823	1.44546337962439	12.5442177668436	6.38393947144772
Trip11	1.79875924343753	8.86333909029551	5.49961792690381	9.42263596342269	8.2397937108639	10.0103746684333
Obox6	13.1369835777401	13.8381037010384	14.0124219610789	0.469816070975934	0	13.7096134892462
Fabp3	11.1503550973066	6.88121450715083	10.1884980790909	1.78235922894053	14.0716200074452	1.41058950645249
Galk1	9.69596034656424	8.55814495089627	10.8990984802999	0	9.29693998219037	0
Gtf3c4	8.69476120659889	11.2257004798117	9.47363431809434	6.95260888678487	7.35104634176447	10.5666525262386
8430427H17Rik	8.0805174602805	9.5674670522171	9.44009639364819	11.7174370978122	4.24306813891638	11.0578882612969
Npl	12.2858845208395	12.6127416966681	12.2461103086366	0	12.2031146531283	10.9696663304091
Ly6a	2.64917516690041	9.22185240134135	9.54452568265216	6.22026946457335	9.64071969434661	8.12000221930423
Tpm1	9.24334103020751	1.88001507295031	9.96592267280379	3.23903386882509	12.0527847949887	1.09644541285227
Sparc	0	0	0	7.14560168160514	10.8629447285348	6.82936345233823
2610528J11Rik	1.94934592509458	0	1.49890082066813	5.21857562965781	9.01701925223376	0
H2afy	8.9350102891108	0	7.95370396790976	6.92156497693837	11.8125582444574	3.57729449304452
Ptpn21	9.73961718262056	10.8865588154721	10.0830305127177	12.9998343332022	5.28635120048438	10.7810876105663
Vnn1	11.9150154629195	0	11.5365566723052	0	9.91160803611328	0
Rimklb	9.15846994099612	11.3171868444431	10.5036825902423	11.0154526036628	0	12.8123546311232
Zdhhc7	8.69743547483801	10.8447894378876	10.4607918262935	7.20526636260995	4.51212675127389	9.01706346692791
Upp1	0	0.971636506593774	0	2.9775660541762	12.7698802951713	9.41216280045168
Zfp622	10.2796935477764	12.6993715451834	10.9701768834515	0	8.51977232555893	12.9122434956991
Snap47	1.24775972798797	8.90641503768227	5.05204003293973	9.62220599513838	8.56984070645179	8.05027585864167
Elf3	11.8021267615358	0	9.78625767796448	4.74532173416188	13.248306692544	7.70039059446909
Arhgap18	9.9313194823764	2.84005795248755	9.90892770004491	8.49086540044446	1.15349696297806	7.22223818641167
Zfp143	10.5816815281824	11.5535997495554	10.7390599242884	8.4882141757927	8.05635704901138	10.5800907137735
Folr1	12.1447978085473	12.1974884230193	12.8503890982416	0	11.8635041562557	11.4418837646399
D2Ertd750e	3.90373552753641	8.70726142923849	8.06110666287529	12.54690108665	7.76380917442447	12.2002935282536
Zc3hc1	12.6320074072799	11.9000834975458	12.5108963323401	2.71266831110291	10.3521157852303	12.1026847126291
Dap	9.12779529597639	0	7.98758445064156	0.855329182420632	10.7471147777723	0
Fbxl20	12.8780884950762	10.9296901293447	13.0154952126775	8.60499279032411	9.51846843782877	9.97942788864019
9430016H08Rik	9.97256438749896	8.79702601380714	9.59256807415648	0	9.62356671197008	1.1770012668572
S100a10	0	0	6.77054069303987	0	9.97237458064209	0
Efnb2	7.19764222414056	10.2202470544599	8.10975271145416	8.93447565407119	9.35356168079408	11.44265452323
Lcp1	0.496760650304855	0	2.77639587958706	8.95677136777554	11.434413251364	6.20189631605287
Fxyd4	5.77122814249673	0	5.71930130738015	0.340770982792962	9.72226520080056	0.168742003544773
Dhrs7	4.12737926460628	0	1.91266204649019	0	10.3063709265651	0
Lgals1	0	0	5.50400982720105	0	11.3965436482586	3.4917287999187
Rab39	8.25674448352618	8.99563370394628	8.82343728064641	0	0	9.70557583171375
Jak2	1.39589871511021	10.7971895181692	3.29670315275058	13.2392964477523	0	13.8215879648485
B4galt6	1.3104229300325	6.22217529382212	1.05021773911422	10.8319575197526	9.73590074083171	9.73446193928082
Papd7	7.28705751633755	9.79097783527873	4.35387698354292	13.3729074588498	3.92703890338525	13.0420157498567
Rusc1	9.95361178103553	9.7957994044142	11.1534757609071	6.47361782318107	0	7.74814705864064
Pak1	6.07951383173571	9.27982152476933	8.38869282897338	12.2126090399791	0	11.3999597743911
Shmt2	5.79865127356379	7.03389082170186	8.44878719813348	10.3060015017876	9.34145596462084	9.23378753731049
Pla2g10	7.49903698541219	0	7.75225203798643	0	8.7377243949884	0
Gsto1	12.0207385836782	0	11.2799275416437	0.365767016851856	11.9154212606618	6.5867522115781
Sfmbt1	0	9.79841836833662	6.36523507724903	13.4979961121002	4.64567374563802	12.2347278333324
Gm2a	13.3986417484632	12.3901443081871	13.4551669882366	0.360989735273168	14.7070467971656	11.9698531326268
4930432K21Rik	2.6034794732478	11.1474830163497	9.79990870719033	8.53980969067501	0	9.69927782684721
Snx16	11.0255604510932	10.1013793416185	11.3328603526453	9.70371537910355	8.06892666072578	7.82288785699123
Gcnt1	8.35717897153068	0	8.76733331693737	0	9.40078232660245	2.2448019430049
Fbxo45	0.979797395930282	9.94685596403569	8.43545887109215	5.78095695652992	1.77960760944848	10.6493847461375
Gjb5	0	0	0	0	11.3655877176395	0
Slk	3.91723372648782	7.38765995653195	6.22934075518395	10.1007237726627	9.76944038164147	9.55696642471356
Tbc1d9	9.49978656185679	11.4312304590275	10.3726626504599	2.97436171485757	0	9.45982082213044
Calcoco2	14.2130936228057	10.942849185388	13.959167448452	0.205822585561067	13.8544020571377	10.9925326430746
Pdxk	14.3590694290132	14.4732582175374	14.5077961933145	0	10.8231308699252	13.0514710246571
Gtf3c5	8.77367531154206	11.5215412685712	9.5982337182303	6.15496659010498	6.31594149906748	10.4749000732677
Tdgf1	9.17246431364173	6.81371405493513	10.1161501395502	0	11.777889878222	0
Osbpl6	9.07870563171973	9.65792642962876	10.205971694865	5.21224054061783	0	8.53146913151181
Gca	9.71302022521055	3.39285832546836	9.1603637451109	7.37368625609522	10.2687945609994	4.81087713080904
Slc15a2	0	0	0	6.26512157036373	9.35511105893839	1.12599621879201
Vipar	4.43941466819915	0	7.38803460494214	7.67610594956826	9.27133922821536	6.98820866516694
Smpdl3a	8.85773646803136	0	9.63335986633542	0	8.72702117230505	0
Mylpf	12.265549289011	9.42048291496711	11.3752091645224	0	11.1761110212666	6.42303303632591
Arhgap8	2.48564793759019	5.99406786465734	5.45402538730063	0	8.75702902124522	8.36085489296439
Lrrfip1	0.807230029276176	2.13652425525022	5.59259191874006	11.857196519744	11.2781641700301	10.192064398584
Slc45a3	2.66721912513667	9.57753973510025	7.28908481567912	13.7088652822885	0	12.0710327865237
Cd97	7.32960653621993	0	0	0	9.69886063590098	0.582842796063576
Ovol1	0	9.46968901897208	8.72431777012755	7.30954753794649	0	8.06115233794335
Krt18	3.24842458046562	0	1.2750116850791	1.41561364609915	13.4293840945117	6.23137274612335
Cbs	2.02439032722631	0	6.18774067742551	0	10.1264028806629	0
Hsd17b14	11.7078272198304	11.4751930181851	12.0632263379631	0	6.29683351420869	8.9537589540671
Tiparp	5.43363604674169	11.5223575295013	9.96549994503071	13.5886321235318	7.89326528996003	14.0154491442494
Prmt6	6.87118798071074	11.2752184758771	8.89859818891781	0	5.02247881187021	12.0522606418209
Id2	0.99310208973131	3.22784916082385	0	7.43539325495244	13.4024764639669	9.34948730907156
Rnf13	8.97195247394508	0	9.37044644566973	5.92343694228219	10.2255049323953	0.988803422255114
Lsm10	6.14864472542649	8.76749657742444	7.507575523681	11.0464548678127	8.66414374488003	9.39718644756581
Lrrc42	11.7772263009967	11.8541789569937	11.8350072159929	11.8232340933324	6.5362584096557	12.1419006801398
9530008L14Rik	10.345586556018	9.8931683946116	10.5059020019209	7.14366918882138	1.45329413967722	9.07106521237217
Stmn3	11.0374440421771	9.84856142340294	10.8721714375356	0	0	7.64642724666264
Gmppb	6.87724334612675	4.05656994603391	9.23760012893221	0	8.24093727658897	0.282591573134853
Nek1	7.93079769958389	7.98421139854946	7.98536235104603	10.7756302609391	4.44791043935537	10.6252456089473
Kifc3	10.5455847597627	8.40944284827441	10.9664761796166	10.3795737522016	6.16685019276581	9.6311876655722
Eif2s3y	0	0	7.5490518323876	0	8.23783048861046	0.548454623946579
Cpn1	8.3517258707999	6.03920399140879	7.17781082650808	0	10.2949455670658	6.3257133302624
Sacm1l	2.7229834134325	9.53047720172841	6.21915671781068	8.42383089793012	9.4077183592744	8.00400590998698
Ccbl2	0	6.90696441695797	0	7.8217191429272	8.9318207486239	8.8306261866514
Pfkfb3	7.89196010000367	10.0439112684093	9.4167855818766	6.44746652242873	0	7.98593195721288
Mrpl36	10.259082932252	8.59595233920613	10.0516546430327	0	11.3439234119556	1.37869043113247
Adh1	0	0	0	0.628002483337466	10.8699320239062	0
Plin2	7.155583901117	6.91830075067208	6.83909563163174	0	12.4149986337557	9.41174670158189
Ccdc43	11.2498306518813	9.13951001929914	10.7296574497336	0	9.68940476067423	1.81260113400821
Spp1	0	0	0	0	12.0145984343814	0
Plcd1	9.63684379193585	0.4127395077531	9.78189514248946	0	9.67704818754014	0
Pacsin2	1.60983779844535	9.93542955585716	6.7544218546778	11.8826688061291	9.90808504163019	10.4015512445943
Nt5c3l	11.9163866518877	10.5736981242057	11.8795257939403	0	8.14765412655985	3.00096150069972
H47	11.2222892911896	12.7654521293693	11.3005139228727	0	10.8031621361588	13.3017023392607
Afmid	10.2643257491725	10.3199370605357	10.9152437227426	7.94651325046563	8.8866372490405	8.02871422749051
Ppp1r15a	9.02448422854348	10.9639137880422	9.72452068588265	9.50181347887744	6.14929021420322	12.7375080776288
Atxn10	1.95285314086805	6.31286798614476	6.29767534557341	4.03464960739707	10.4707370482654	4.34810798140461
Ttn	9.4551727192848	12.0729775212077	10.3244130965155	10.8406440588642	1.13437720821499	12.4609146604757
Rsu1	0.477647758456932	0	4.5524122853873	9.84751582682608	9.58662875148402	4.8541061369727
Acaa2	8.06590077862339	0	7.99659432845592	0	11.9607379863491	0
Spg20	0	1.16714715824327	5.34415980202289	10.9536164392231	7.88961421580117	9.28632201989177
Zc3h12c	8.86306847274255	9.08946218185759	10.4159907018264	11.0417047590571	0	9.45382229816961
Baiap2	9.86045328063368	3.63143934814682	9.42092332284477	7.7488019190444	2.67191486118848	8.45023691382275
Rpl10l	9.49778241995556	10.4839820859116	9.43516590161284	0	8.36243230896091	9.92379275162948
Mdh1	7.70717328989257	0	6.3032723244561	10.01890214584	11.8371452481186	6.50503568946099
Vangl1	7.56987119220879	0	7.69573983012952	0.749724132120525	9.64890343647288	0
Stx5a	9.15472096661047	9.42180904007636	9.22361894236717	12.3990578062583	8.78021907835395	11.586186268085
Phc2	0.737339728232778	10.1460968934691	5.28247520628934	12.6783229052052	2.37287464177551	12.3877585129654
Txndc12	8.77559198310014	0	8.75026308256444	7.51601349170674	11.2338302226044	6.04234689727839
Amotl2	8.95220411608542	2.67647787835185	9.62361550708266	0	8.70736154845895	0.155046526368538
Rhebl1	9.62900343153597	9.44223116479864	9.29822055350684	6.75902551955668	1.2757124020824	8.28937301235689
Akr1c21	10.4759434927242	8.548741635807	9.55248674709518	6.9234858132097	0	1.21552150733197
Serpinb6a	9.2420873684711	0	8.12547914909861	1.06664083940869	11.7603968035202	1.30405683869559
Gjb3	9.99083234049106	0	10.2887052235641	0	11.874914925423	0
Mgst3	0	0	2.37850196065062	12.2361664969497	9.85371271151243	11.5785709965936
Padi6	8.28225068178193	10.4289926265967	9.45463899004491	12.9694887464721	0	10.9248163541027
B3gnt5	0	0	0	0	9.27935867083947	0
Ctsh	3.11751845969614	10.3182373382548	7.99651825731201	9.19715177360901	0	8.13603589271056
Zfp821	9.54576944073485	10.7965322899719	9.74067835907619	9.15932271734129	1.74136002079464	10.653433577813
Id3	11.6633587464438	7.71158671596626	11.9952473434409	3.67055458011223	10.4123023055499	4.97365522568416
Rab20	9.5417076417145	10.170582440109	9.89730762148762	0	7.53271811107617	9.65071607942034
Zfp57	7.82847884536145	9.80347760831785	8.54184774078374	15.2211773074902	11.4255878731132	12.5975987033229
Gyg	0	7.7951107043051	0	13.5972808355436	5.7644432859787	12.0274542644405
Ccne1	12.3161689250425	13.3774595630962	13.1289929389477	7.28015531778576	6.2209758096063	13.3285463930699
Apobec3	9.3745157048415	8.52100214784546	9.73028834931199	0	0	1.13005176209559
Aqp8	0	0	0	0	9.54610264704488	0
Apoc1	9.11727221652579	6.81502747660181	9.15661262646472	0	10.9469943003491	0
Cyb5r3	0	8.24293943974201	0	8.86908791740708	10.6699107415629	9.07375052875489
Ctsz	10.4042832720193	11.5901908972867	11.3037434896063	0	7.41533518027636	6.90912805433341
L1td1	7.48230923001083	8.98982561386288	4.20442567389492	0	11.1730189864154	11.1653978672175
Commd3	7.49410323381097	0	6.50554626303366	9.79781367807618	10.6073785345784	9.25837346150323
Tspan14	5.01595832001771	7.66926613283754	8.22359133156917	12.5487558999809	8.52601404360602	9.78924083581056
Tspan1	8.74900345749216	0	9.363033524336	0	8.64588650758702	0
Tmem56	9.86587629210325	9.58524587333028	10.5865441485042	5.29716506259845	0	9.13608134399676
Klf6	0	0	0	5.88683277823332	9.99447178822334	3.45740723154103
Anxa6	0	0.479136546169935	0	8.43585364267594	10.3219298129348	5.61348860368094
Snx17	3.94578851966618	7.34776014154312	6.77367474669615	8.0419077896108	10.1170327780621	9.66697958061187
Esyt1	1.51749271500341	7.71518553972118	7.24981266398612	8.03562981688341	7.42284040770004	10.3368052316501
Pfkl	1.05582707049526	7.02788758242588	7.42809931333788	7.93408345645873	8.57619319489194	7.88651047017231
Crb3	10.1285273763572	10.1991157331488	10.554610595415	8.04231378321565	3.92703890338525	9.43219108629564
Gsta4	0	0.781233569985329	1.58583358060318	5.26713974401525	11.9519045894318	5.71723938991485
Abhd4	0	0.404496703092527	5.40779551125037	11.949703109107	8.97882550626479	10.2944552240513
Slc25a13	7.83231369828846	9.62952506299997	9.06739317687573	10.6552141935155	10.6853435171168	10.4398140106142
3010026O09Rik	5.91383424339084	8.3376370508409	7.82515747128062	9.00057460233161	9.42026360118352	7.7282643464974
Ddit4l	7.00166569340648	9.24015054586843	8.2595863328022	8.37877616022666	0	11.8443320457268
Zfp707	7.97471608448898	11.4484091670696	9.24643043486828	5.05230239617215	0.737644728314555	13.3532863815323
Pcgf5	8.14936994143932	9.83146115593017	9.4468752978812	5.80254449479522	1.71188230948176	10.3356355471848
Arap2	6.18432310622262	9.2497369509296	6.8086817043063	11.1862018604578	2.10360173671102	12.0381781105005
8430410A17Rik	0	5.87140493144401	1.77862104091104	12.5990237743737	5.39966058391879	10.6152985510837
Map1lc3a	11.826677937743	12.4271451141386	12.3805955277662	6.67810447447188	8.03179564367842	10.8342286864542
Pepd	7.29260867734038	0.781233569985329	7.22174351382566	4.52861926018756	10.4008445100869	0.165636067012244
Cenpm	9.62657134011358	10.0068010458865	9.7587016684551	5.77243087625018	8.00457529905777	7.35249717530107
Tspan8	0	8.19673762226318	0	1.8278201655394	12.1031237327948	7.13783621619404
Uqcrc1	11.543803600336	10.1537409054158	11.4327324827008	0	12.6218336933079	6.9922645200365
A630007B06Rik	2.12082032765756	9.9563177664397	7.79212915051728	11.9866777533549	1.39960633991565	12.135292691144
Steap3	8.9874194471103	0	9.30420358121415	0	7.25485068108823	0
Spryd3	8.16884567388148	8.33239015203258	8.44139558824559	11.3985485690084	4.6080370986289	9.80251498315215
Trim25	7.67720344249942	10.6152382423982	9.44732788612052	0	9.70005479762099	4.16350989618171
Atp5g2	9.28508723716906	6.8034644639125	8.91628575068699	7.21303942194077	10.1924188085472	5.77721094603849
Bok	9.7499435695604	2.33945440169452	9.76331747021444	0	7.16983368111866	0
Nsdhl	1.14697516376227	0	8.12912975312203	9.7617188957418	8.81765692242626	8.13163656278352
Bid	7.48829609580582	10.8049994581374	9.66429966351006	8.2053364971648	1.90273619499864	6.47241942059263
Dsp	0	0.547422127594874	0	6.9843433973472	9.93982231443392	1.20957418616564
Tfrc	13.0946650687207	13.0207827620366	13.5061915949544	6.14458402482654	7.83606722999591	12.5931309043434
Slc6a8	12.2338012249755	11.5445436337368	12.8016459443429	0	12.4047996032376	6.588868778647
Fbxo28	4.38646284669223	8.96237324921587	7.16851992034929	12.1349521359345	5.60086671385034	9.30040508567888
Ebp	9.65742951911305	9.82354313793872	8.66898065512825	0	10.0430190844771	4.95670366997235
Zscan5b	8.63651745460012	12.2398199981681	9.49444366694065	7.12467053914313	0	13.4350158071053
Zfp654	6.14339272067753	10.0256263882186	8.20013044939663	10.0960803617894	6.19171337072278	11.2227488499531
Slc38a4	0	0	1.56094088696928	0	10.6964136988879	0
Clic1	0	0.859630630534574	6.24137989541305	0	9.37678090536561	0
Lmo7	9.8603220175971	9.52559395525577	10.370825038752	12.7252314116843	1.51642267927348	11.1649343636135
Csrnp2	10.1046940318048	11.6973876415392	11.0718364621435	11.9925313811686	0	11.6914038511104
Clip1	7.59151131440047	9.17489626768089	8.81107517726528	10.6137980051812	5.43415240637468	9.96879063142043
Gba	9.93608993793158	6.37551100267575	10.4330399321037	0	10.3028907141657	2.4215079510092
Acsl4	12.1417517946042	12.5316360685785	12.2242035523594	8.16927483281878	8.11651934488121	10.3429093265291
Oat	0	9.87459803732178	4.69845156477608	10.1390231178012	7.58423340315743	11.0505290490673
Fam107b	0	5.4654085011324	1.07267810842462	11.0881965353151	5.80199304603373	9.59267066081024
Pemt	13.5032877050064	11.8920852821376	13.5353433124337	6.38626573408349	9.45318170229017	10.4830520970342
Nipsnap3b	9.02390864890946	4.47495519256823	8.27792872408295	0.633202092311564	10.1419743862368	0
4930583H14Rik	1.54140297259514	0	5.57927334526942	0	9.10606207201867	2.07377980349991
Fn1	0	1.0998775727729	4.18809239302611	9.14071409183131	9.6770026078494	7.20303570431183
Efr3a	1.021393191254	7.72945613177895	3.31988221521701	9.9510016703925	9.02812964398167	10.0856971612923
Cry1	9.31357420804975	10.5899060373832	10.0159478711378	11.5265560561527	1.96724651076592	11.5395082512122
Dcps	0	2.97738448109639	7.10603127910722	7.7248472794604	8.22749291864226	7.67153943086535
Dmgdh	10.158343529255	8.92195518373879	10.4424919871488	3.14077781470144	4.24101252647815	6.77312367928614
Wdr77	11.7344797708895	12.0553699859991	11.7725577180695	0	11.5850818842409	11.0666306562708
Slc39a6	7.32298024064404	10.2757914435073	8.54060193038543	12.2937440803861	0.939629165857246	10.9097411072859
Renbp	11.8941355244613	10.4149589947052	11.8554487180377	0	11.6684216930528	8.59998904580029
Coq4	8.23599764127611	10.0190160799972	8.75611525238768	6.4539494851824	8.55643167564308	10.067808134152
C130074G19Rik	9.1502034751101	9.66598083952731	10.1116829546662	0	0	8.05350690861273
Ctsd	12.6558361349849	10.0450855162228	12.8697430039076	6.26229429916939	12.4334535223102	3.61877189111374
Tmem50b	11.9683494902722	12.5004296390474	11.8262648032695	7.32089346527446	9.2050860746975	11.534381558539
Fcgr3	10.0164013744262	12.4033467416881	11.0299221862551	0	7.61981898916909	12.1215429020823
Crot	0.51519302739393	8.03806048131129	6.76410745063356	6.69746502011935	9.71814223548359	4.3534575063931
Acadvl	7.61916885728036	0.616264823189258	8.95196712295059	4.4794932203766	10.9819609637097	0
Ece2	8.87998062418527	10.150067875443	9.6327459034732	3.95105262720943	7.69840265328506	9.582629007691
N6amt2	10.9738713287152	10.3301463325703	11.1196416560554	0	9.67599955433515	5.33638228366877
Arl4a	4.13296186468735	9.3656511989889	8.98342972782906	9.45626143547048	6.13086377566678	10.8011651247387
Rhoc	0	0	0	0	9.10461710273267	0
Agpat6	1.83095757243521	8.49416090481913	7.54941174629654	10.2850687642515	9.44514663877514	9.52501903419554
Rad9	7.45950744263303	7.91589050456698	7.58336257835829	0	8.832206168243	7.82691580531299
Atad1	8.37915344254641	8.80991581411631	8.56354539230919	11.3870005003379	7.13622423754983	10.0735323157038
Dsg2	0	0	0	0	9.81300834336908	0
Cbwd1	10.1576459797593	9.63823655687733	10.5023647604808	1.54866005358346	8.02725122349284	7.88324508066826
Ass1	9.91247997853947	0	9.06435319553959	6.15419653931479	12.0965166391128	2.68862334757232
Krt8	1.37598674629817	0	4.97575491806009	5.52599762755409	12.780649543402	2.63329346202511
Tbx20	9.64952433036464	0	10.2167781187518	0	9.12444645347903	2.46298692005106
Sh3bgrl2	0	0.404496703092527	0	9.06145068056982	9.62155428328979	6.48688206065986
Trap1a	5.40690999359503	6.34622672701529	4.85284909695784	5.89246456249411	11.1283502575119	7.37873503133899
5730403B10Rik	9.58699078732075	8.7438776803824	9.28128595028129	9.76477576025798	8.1520458968794	10.3369278742466
Xpnpep1	10.7737608591163	10.3666209758001	10.8357734292794	0	12.0858266157753	10.7254351964378
Tmem229b	4.92421386343555	11.141964758015	8.63389008571092	8.44601585787308	0	9.27725063274962
Alpl	6.74208523336575	0	7.13034347968712	6.24433329637982	11.8256477191465	2.47110174698755
Cmbl	0	0	0.685190370014704	0	9.15921235813389	0
Tor2a	9.87557620131985	10.8138993282544	10.412687851043	7.36637259850503	6.38877904957267	10.4212227699555
Idh2	8.85772945938249	0.547422127594874	8.89374478398435	0	9.62544754074241	0
4930473A06Rik	6.82390188807386	10.1105264842475	8.28968610282238	8.54784894864715	0	10.6334117408875
Gyk	0	4.45768471375571	0	11.0327346665392	7.3125531442901	8.81829373394861
Rasa2	0.886618370266917	8.83236132065409	6.84733261203417	12.2924668200819	2.53065053957811	12.1832169879571
2010317E24Rik	9.14247754608309	10.9070752957273	10.139106468304	0	0	9.83142644304326
Lta4h	2.10625043695642	0	5.18272105612542	0.383957115268669	10.3945065036961	0
Tmem184c	9.53873138257865	9.66661907876755	9.87182061179653	7.12824015366553	1.48073813123028	11.7657852299156
Ndufb7	10.9193102585379	9.037872833459	10.6729458720166	2.1733593612742	10.8969311719497	1.19905183672604
Zdhhc12	0.959324300166368	3.67003447945338	7.17773498380155	7.56567964031979	10.1525276466144	6.77374573214745
Fmnl2	0	0	0	7.90188943817333	9.81189045038219	7.25339132880497
Csf3r	8.26632566348422	0	8.69880975734432	0	10.8016573897941	1.0600784212622
Csnk1g3	9.77100379669809	11.1319333065513	9.63131442468022	10.6733058103547	7.17989859015257	11.6888114342045
Dusp14	11.3342119059083	10.8215985798997	10.9213281824659	12.9052552899155	10.8765958752366	13.3695207955189
Dcaf5	4.00701908205794	10.8970528174512	8.15319235926775	11.6854946475539	2.62635492217519	11.5224642753092
Golm1	0	5.77481744746659	0	9.94095695482774	9.57176120927998	7.55384264988804
Slc39a2	1.40210396820092	0	7.95483781832379	0	6.28808242069105	0
Skap2	1.22378595168524	8.52728320020379	6.5844543916981	11.087517212256	8.38140085447562	10.7579633850781
Ndrg1	0	0	0	0	9.41796307826691	6.25042825154192
Naga	3.26986648141254	0	1.94111215622614	0	9.86359442844885	0.168742003544773
Ptpn13	9.90549891252171	10.2264675090239	10.1814067253799	9.63904614478529	6.99408514073798	9.64684845660813
Nid1	11.0717527151694	7.65375689957229	10.7511750917467	0	10.2488178184838	1.43297708734266
Nexn	7.70980288039494	10.4094958640463	7.20956417340637	12.6592098746127	0	12.6001717593938
Pramel7	13.2726557980598	13.8463882716003	13.5782859131152	0	11.9361103649975	11.9927050339218
Pramel6	12.7025005948494	12.3003687586698	13.1018395128124	0	11.7932608483181	11.536139322022
Arhgef16	10.771012361134	9.83529016967156	11.2634184328251	9.56645382578243	2.49400300148197	8.75272319222956
Capns1	4.70496711475465	0	4.02665548957089	7.60963965152094	10.8686513694413	6.44841025199174
Cat	1.6660992774593	0	3.68602695550958	5.62810737137601	9.34956997535932	0
Cldn6	8.92717074936492	9.73449721751627	10.0287727766874	0	10.9848182473211	10.221720204488
Pdzd3	9.48676637236864	0	9.64598544711796	0	8.41818472010929	0
Sgsm3	7.91387477518236	9.145431035235	9.21127538869736	10.9025903546186	7.36680926931157	10.2271458683827
Fbxo3	7.00765002479268	0	0	8.22339753624692	9.83310338426856	4.83140788897441
Pmvk	1.30340042824501	0	6.04656658437551	5.28984420435141	9.32329612969019	2.82475298591972
Aqp3	10.575384698459	2.91504205011109	10.4540826556192	0	10.8420538314184	0
Nudt5	0	0	0	11.0745198063265	10.2508605005075	9.27997755797455
2610019F03Rik	10.7363405000685	0	10.287561437448	10.8113129785997	12.2494874472097	8.33748096776107
Osbpl1a	0	6.91690329713163	0	10.1392263804933	7.73564803246709	9.70426620425589
Cd63	13.5280977278622	12.6073615591165	13.3563714809179	0	13.2567690680281	10.5163570872183
Slc4a11	11.1721062230324	11.3828741889811	11.5361296105235	0	9.94077487082271	7.78497449481926
Naalad2	11.3838137168021	9.94613545866696	11.7639418586176	6.54733778447	5.76773872257143	9.46899279834748
Ssx2ip	8.1729128470624	10.1517399961208	8.58798759576083	12.4859470305431	7.23802373780918	12.3630084604573
Ift52	0	6.44744180052782	0	8.28022966590234	9.48209807738778	8.36877919170294
Tsta3	8.33501094113373	2.07700611745351	8.24549880914422	6.76665030576352	10.0437376772392	2.52313417195981
Nsun5	8.42023034205073	10.3875776000544	9.03931899053547	3.27100072541749	6.2934211027571	10.1793464295925
BC031353	7.78737531985909	10.7331287543799	9.19767557796284	11.0725069009621	0	10.8715007282855
Eomes	0	0	0	3.41614670280348	9.94060273403162	2.9888754521179
Acot7	9.9708893151396	8.70105483377819	10.1171648554603	7.93500966731429	7.37570183254785	8.8259950856494
Ank	2.5919004968461	6.65282909562788	3.04899632398839	9.12081749401725	11.0660503235165	7.1064322728741
Ubtfl1	7.88977048982107	11.0998551061675	8.30000987427629	0	0	11.3350140163033
Larp1b	11.1263019557351	12.1405925608573	11.178102336746	5.51481414321086	6.4005235411307	12.4783841964964
Slc6a14	1.15577408233439	0	6.13637566565296	0	6.97447797898509	3.90077042494951
Socs3	10.0336312359453	12.6035659036912	11.6439278813791	0	7.29595832833173	12.2987659731593
Sept3	6.3225404331824	10.0336388846167	8.83419357316919	10.9747137294483	0	10.4051009347859
Alg5	8.11877386884271	0.673619275147955	8.04137934860205	0	9.76708005164428	3.63070845362518
Fbxo34	7.74430832861356	11.2005624346236	9.64791539215549	10.8708467791083	0	11.2355099866108
Creb3	9.45711243004679	10.2955060333678	9.46928935016235	5.07705861472052	9.41983034364817	8.34971035006104
Rnmtl1	9.30133918344371	8.73721482798527	8.77097570493276	0	6.65256985442102	1.43415791052222
Tagln2	9.88464648092641	0	10.0171698459904	0	13.1214980309314	0.734039633575534
Spic	11.8131618749453	13.5759111002303	13.3810736906842	1.34615305650966	11.2276550162665	13.1956664274422
Abhd6	9.64489750991739	11.1595998584903	9.98045571757872	8.61094879798307	0	11.6632775383168
Zyx	0	0	1.10374593964989	6.15417095538823	9.68502811679942	5.40075151479913
Zp3	3.98626108442182	9.14286192733759	7.75583428305976	10.4577341136269	0	10.8167168048613
Ctsc	12.5102890922755	13.0706168827391	12.4838620860489	0	10.1283833065482	11.5660866562677
Limd1	0	7.25705336051277	0	10.2922178127816	6.8344065357016	9.90289397849482
Lhfpl2	0	4.61355220205943	0	9.20063596710572	9.20129449720626	7.51932736602485
Rdh10	9.40044602239413	10.5163222571561	10.625609013862	8.52356694233819	2.70276613475487	10.1000409740616
Avl9	10.1585035803945	11.5676559997655	10.4272997875379	9.33283774441495	6.37950882793335	10.6630202790929
Sqle	9.57551129452424	10.4198628930908	9.69295765714261	8.23416344079327	5.89242440245671	11.1616041117336
Grtp1	8.65396781738824	0	8.67685289612244	0	9.87573240692327	0
Fmnl3	0	8.39634611135054	3.22054636982391	12.0254741826432	6.44294839452965	10.903392842515
Epas1	10.8752039979391	0	10.9709931173217	0	9.06075438364455	2.87589292987324
Ckmt1	11.417274497494	0	11.8380177782401	0	11.8740842984215	0
Tpp1	0	0	0	3.8814484499326	9.58562566464663	0
Parp8	11.6462695053063	9.43530940409045	11.8335725405415	5.52397188549283	5.81844472812094	9.11474753437972
Sertad1	8.69246122258758	9.88133375519381	8.65383208383785	3.55123256289894	4.27603871410974	11.8760657253209
Cdx2	8.96696361581938	0	6.65164220614748	0	8.72847904688617	0
Ezr	0	0	0	0	9.7197466805157	6.22254275694782
Slc16a6	8.71889917183939	11.6550213970115	10.3326777550257	8.4313697901901	3.45115855136725	12.6253368227461
Mfsd7c	11.5599194109183	10.5318658620409	11.5789300789269	0	10.3138485592303	6.60229646791007
Cyb5	8.65336639424281	0	8.50472059962293	8.75544094357604	10.417749216248	5.92645117243314
Plbd1	10.136960178207	10.6123071252528	11.4014019739213	0.360989735273168	7.19789494726277	1.05273359012136
Pcgf1	9.37393415264362	12.2591930027283	9.51897402931636	13.1857141302938	7.55597801290418	11.9262321433581
As3mt	8.14375138148399	0	2.01575415184251	4.63255741765954	9.86729452977896	0
Sipa1l2	0	7.57255679137482	0	8.34975641787674	9.0617742255391	7.60616278395344
Anxa2	0	0	0	8.7511237794509	11.5630246904642	3.34015896619546
Ech1	0	0	6.29180588265711	5.94336047610534	11.3054002393237	1.88247099796569
Sycp1	6.027182211638	10.1774626427032	6.08803100088405	8.91285935425631	0.925217917674529	9.19898242074686
Snx18	0	10.9582469003511	5.3955052925031	9.65614177615198	8.15655584798094	8.96833408496653
Klhl12	8.85084921598862	10.0669693855704	9.39988318850157	10.2927128575025	8.09175854737859	10.5941782123915
Ddah1	9.36044075457013	0	10.1988054004578	3.61039072116294	11.4710400313388	3.49541506145439
Kcnk5	9.52347640082228	10.1711321607933	10.8176770872216	0	6.2758700599985	8.58413975735673
Ercc6l	6.24388992362479	10.7859119564035	9.65756600611879	9.83276212909642	5.25335426077563	10.7536708135122
Uchl1	4.09672044354151	7.9725933326308	6.3553063715115	12.7269878695145	0	11.5584882885209
Tinagl1	0	0	0	0	9.23820631957717	0
Prss8	0	0	0	0	9.84043942552751	4.54972670124044
Them4	8.98183211768831	9.43514999213231	9.45751841912593	5.47216990658295	2.74087012111085	8.26372154358095
G6pdx	2.30388651004532	7.85236159448154	5.94591236855342	13.1477899942267	6.23773783507341	11.3028650766847
Mpzl2	7.45001925748753	2.65408955044322	8.52387896240923	0	10.1211070248075	1.53209324285425
Nipal1	10.7813015308651	11.4129245943135	11.226337659838	6.53297630005523	6.43080464207123	7.86954209987679
Lrp2	3.77669780520537	0	0	0	11.3881533181586	0
Gpr161	9.6235699757752	7.96721526830721	9.83858573700544	0	1.09967307195795	10.364350644554
Fam179b	8.27571693716181	10.4002722786163	7.90279830438298	11.4229042951283	6.8955297931903	11.7751309517961
Mfge8	8.44245042088178	5.72852097744908	8.95197524091914	0	10.8509792100266	0
Crip1	5.06414530795307	0	6.69078269928084	0	10.4627894754659	0
Acad8	10.1668984612285	8.77435819897445	10.2539463514231	0	9.10655883693497	6.63071797016533
Wfdc2	0	0	0	0	9.06505908581033	0
Slc13a2	8.09643249618108	8.35905690176609	9.66055917862895	0	3.12820205818445	5.92896395251188
Prrc1	1.15253183959469	0	3.68602695550958	6.54943940301789	9.362133166507	0.380523735823659
Fndc3a	0	6.54979619079905	2.44385175929719	12.7662856479621	8.41294037822405	11.159034620379
Gja1	13.7100725778594	12.7932211583732	13.5132450148364	1.07062336490887	13.6661540708785	10.0871237951087
Rffl	10.2884770764193	9.37969318635758	10.7594421276845	9.80381178367685	7.50899771238895	9.85021805649059
Tat	7.95205189921626	1.62964333380377	8.43831395774404	3.55583430509004	8.97206710925099	1.51942756324248
Commd8	8.61666398243534	6.37095411056847	8.31731608066534	0	9.67719318184644	0.168867550009287
Mospd1	10.3581718146289	11.2735778680344	10.2531135674866	10.0501205790167	9.03629353186051	11.0492490739029
Fam176a	8.91219939826085	7.25889620462331	8.88870380159679	0	8.94255660187669	6.66929096326692
Usp29	3.30511102288683	10.0416956400174	8.03010341344182	8.46371693051939	0	11.5468426364632
Hexa	7.73075728976853	0	7.55182416167827	0	11.3351691084912	0
Glipr2	0	7.51043894871478	0.935939806823254	0	9.97946611554976	0
Alppl2	15.5147661213784	14.2423433864822	15.4755417257683	2.8710777235945	10.1675570165418	13.5115772573918
Fam46c	10.5388506647131	6.08485970279112	10.2033062726453	10.9714935068349	0	8.01698792063724
Zfp599	9.35885576362799	8.85052317652056	9.84720608256453	0	7.59389760041689	11.8143794833491
Bhmt	13.6281665344944	11.5108282531402	13.4002912677109	0	11.5105830452709	5.74694979954611
Map3k3	5.87130849544942	10.3372329051211	8.53217574423632	0.683339910543622	7.95828472608505	11.0855784764703
Nicn1	0	8.64565473731809	3.6421702420106	8.12605457173584	8.38027022097412	10.0738329354917
Nt5c	10.9343624557723	8.31377782350944	10.6580901050551	0	9.47762897319281	0.568403566563289
Slc46a1	11.5065310705924	8.92545405449335	11.2947374106103	0	11.2712934050394	0.617386755625464
A930001N09Rik	9.37618726793646	11.1857236999686	9.80866887415072	9.0293149307019	2.7168770996317	10.6210987945538
Slc2a3	4.14696073461628	3.28981492015717	9.13975924009633	0	11.399816681826	7.12357748796974
1110003E01Rik	0	4.70673069213926	0	11.9027653584412	6.08734627238049	10.7845921386847
Crip2	13.0227288702908	0	11.9448812501122	7.06047505238785	12.9293863329053	4.22736603855786
Ldha	0.621752180060205	8.22168687329809	8.04218508804475	0	10.2098324880786	8.92317490966759
Gss	7.97905879833538	0	2.38861728752528	3.44294523805929	11.1623465648493	8.38068208524839
Zfyve21	0	0.600007354742022	6.34766888655648	11.2012325588223	8.739832032146	8.84408768440468
Nr1d2	6.99234102972006	10.1899812873605	9.12452222331589	7.99069703740381	0	8.57476529386372
Pitpnb	11.8050011082646	11.837792119635	12.2551243608626	0	10.3767732979214	9.46612930550438
Stk3	1.70434599172161	7.07670768247426	7.09932897398593	10.9405877168065	7.48487388853899	10.4989426771346
Tcl1	0	5.16379483051242	0	15.9356551036902	1.74875381922755	13.002750131193
Pnrc2	0	2.34662831951453	1.00065335921402	0	9.31989053084407	3.42842496094617
Zswim3	7.05515352662747	9.74706222852625	8.32579880791406	11.9371730703964	3.90093975902808	11.2695035310787
1810027O10Rik	0	0	3.7248607420659	0	8.85825072527497	0
Btbd10	9.32748452708158	9.29035844434992	9.24870859889839	11.6380618174661	4.30748788841163	10.7301964001739
Sdc4	11.2774007944558	0	10.2529854190062	2.73286369259938	14.2830047555083	3.82282965922242
Exoc8	8.99367656693539	10.506289396556	8.47417878006194	0	9.02199615772499	10.4733178827736
Slc35e4	9.50209659846273	10.4033057874859	10.0932712829557	3.00954390588702	0	8.67512036055951
Mybpc2	9.56815788957486	8.88218298562412	9.21455506208578	0	0	0
Cited1	12.6206286088079	12.7944300007492	12.9500131470548	0	8.21129580988373	9.70121875786806
Retsat	0.481676541709436	0	3.51030361883042	0	10.2142406385009	1.07784628869567
Icam1	7.9206122690258	9.37932879569628	9.59385229774747	0.267012748064298	0	10.6277173798398
Gata1	9.68819185851927	11.2903983659024	9.76231195935724	0	0	9.83510031394771
Pros1	2.00379062091781	0	7.17559956166838	0	9.6412606944437	0
Gata4	0.477647758456932	11.0087840228212	8.98975098556806	10.9036375672564	0	11.1350387260509
Fxyd6	0	0	0	8.69127809937964	8.62993473144214	6.93827656394485
Akr1b8	10.1591208449684	0	7.80932448730944	4.46212121281387	13.6294167319094	0.670958671311588
Gulo	11.882442037716	9.27885285286094	11.9668530015852	0	9.03483786317385	6.53163060213139
Commd10	8.7851936017558	9.01020340300702	8.50827617673199	9.03918490710676	11.1237173818851	5.24768607780165
Snupn	10.0942664981557	12.1385295480931	10.7314333297765	8.39177982000393	6.72914577710143	10.7963508139754
Def8	11.2904187235353	10.5104115333118	11.5282513041052	7.62010324088129	6.88950167722601	9.56379722691387
Aldh18a1	0	0	0	10.2732369517579	7.46239814217454	8.84711706313528
Sip1	10.1960288049676	9.6397373142541	10.2483838270539	0	8.78378023208589	3.82901251340081
Tmem144	7.8231006689815	0	6.99793086890919	0	9.07586389452134	0
Crxos1	13.8798208787205	12.7768472279403	13.770110945574	0	13.5469744946033	12.502316980777
Usp38	10.6525396475803	12.6248601374534	10.9189084659963	11.8739131327607	8.73481256159287	12.7801901938377
Nfe2l2	0	3.90080196980369	1.3345451490682	0.650313676929365	9.69402636275604	7.74946251801169
Neu1	3.70215042669122	8.21830823323315	8.15281092657788	0	9.65209060269961	5.64743246482939
Tdh	9.42399071331288	6.10294591038662	10.6352454492366	1.99512877056393	8.85768033903223	6.24494291473377
Rnf185	8.43824757946575	8.60401708406292	9.75208487504085	12.930377146456	5.16107565010075	10.1147778238686
Dppa1	0	0	0	6.86738502363019	11.4211196230483	5.14838830085978
Igf2bp3	6.36778260559496	9.2658570588427	5.20724147659828	11.3264774049378	10.5824789536457	11.2167951733462
Rhpn2	0	9.92253677105184	3.51870943499228	13.9994264010353	7.08258155588794	13.0373559563635
Cnn2	3.11919023632436	4.84137042575275	6.34763712601117	0	10.5068765280153	0.843662431434688
Slc12a2	12.1706416825971	12.3996329303724	12.3536255277906	7.52907956592184	7.79120183073071	10.6802445830186
Asns	1.14428598225812	6.0281837653423	8.38143772552009	3.45029511552451	11.5601394609636	1.86274298540495
3110001I22Rik	1.37886969521582	8.08163036741489	6.35768806096038	11.9969618304721	5.03526254675155	9.84845311175606
Ppp2r1b	2.90977960096886	8.03639273208461	6.53590054073641	9.8041244466391	9.21695325698321	8.62898683995019
Tnfsf13b	10.555263644922	10.746566985081	10.8756435355042	13.3004032109565	0	12.3963124048889
Tnfrsf12a	1.74414512657809	9.11756280585272	6.18415992171219	0	6.36983837549278	10.4247816705563
Atg16l2	9.85418006618851	7.22844576567996	9.41210182342029	0	9.15397909753442	0
Poc5	7.89156694474039	7.99529509262596	8.57401434162438	9.71498388254177	7.04393290665292	9.76799651146191
Deptor	7.24313537473692	7.92953829088178	9.1394999213649	11.1066579490174	6.20015860849615	9.9811313598415
Ifi35	6.99541413193674	9.46412327704813	9.10035194471342	0	0	9.24786757231576
Msn	0	0	0	0	9.38327709930593	0
Traf2	6.75444751472066	9.54939503806274	9.30948387468725	0.894855204195184	8.18292054159905	8.68725630977818
Zfyve20	8.96674188362756	11.0798069704538	9.80525627541714	8.59037007045441	6.38032579000555	11.5758540135494
Slc5a11	8.95314805817184	6.79671948492359	8.79170733728303	0	10.1418038424032	3.36848306287916
Plekha8	6.45548253399671	9.10586160897822	6.55475556926337	11.7212665834344	7.34290412985851	12.0072257778258
Slc25a25	7.92618066231035	11.2375531598862	9.87946200687399	6.57125155297004	0	11.7329958381368
Polr1e	10.1090406526101	12.0451013354541	10.2815554244318	7.41902309574582	5.88421052388626	11.1430748742052
Rgs11	10.218063860559	9.62267808030716	9.34566580275512	0	0	9.15994401852173
Oxct1	3.82978950133376	5.44340028050809	7.5571219621769	10.380917679374	9.45791964639326	8.95232125028596
Cldn4	11.3591511386828	0	11.2432763438281	4.19783365223846	12.2071481120156	0
Dazl	0	9.06887254801525	7.68321144202615	14.1857540775434	0	11.4440150684477
Dnajb9	10.1252711773612	12.8145834852248	11.0643846563471	6.07214349387364	3.43180494968013	12.6383946078475
Hadh	10.4286700649915	0	9.77272168520483	4.27796968171827	11.8788785151301	0.155046526368538
Spryd4	8.88685607028538	5.99788197321777	8.14937897150305	0	8.84776416854389	3.54193304647675
Tcfcp2	7.33833660984471	9.26787550536067	9.54425588624849	9.51042194441705	0	8.91254890699579
Aip	9.38614617462951	8.92689866229249	9.31761903414271	8.404891292541	6.08213387963963	9.77696808417144
Mtg1	9.72713657161801	0	9.22458260916673	6.64400611467375	9.54154433770205	0
Pla2g16	9.77431548241755	10.7039617989813	10.6043476670949	5.59312907518218	1.01753488648775	10.3918234726034
0610009O20Rik	0	0	0	4.8627732611451	8.95217806929556	0
Rnf34	1.19876230012685	9.60537036553886	8.51018017169334	12.3964562447133	8.34395502061698	8.37898102349422
Rab7l1	9.86471983333865	0	9.00242870181054	0	8.25541270816444	4.79483749237684
Ell2	9.899068429998	12.3633602939329	9.87822078925923	7.71899067705175	6.37827288886999	11.2639785840359
Ooep	0	3.43943874455054	5.31010353030115	12.1309008302435	9.66985492627621	8.86947478638909
Ddx3y	0.807230029276176	0	7.64544308029829	0	10.0078690108963	0.300251222928723
Cdyl2	8.74044097809756	1.09850299563005	8.87759751182972	9.53690840843545	9.02966083219135	7.83318668856146
Actn2	10.9887389249295	9.50980407638322	10.1501673016946	2.66249863308917	6.09132191679078	4.86749675879875
Kif3c	5.25632613662232	10.0929022233536	8.90179925030063	7.41625475616162	0	10.5625264320355
Fam129a	5.05493675836857	0	8.41755834414995	0.253000378857651	10.3465727635823	2.89439253381822
Glrx	0	0	0	10.223722161263	12.0199484316874	6.2321268047724
Errfi1	0	9.68519173825171	4.57703954269078	11.8337572113111	6.63470277596926	11.6389585492738
Arhgap29	9.47398794659298	10.5389121054374	9.71701517054952	9.94090797313424	7.0191577167474	11.9149688614879
Gbas	0	1.38124092472735	0	11.3380403426541	8.31159297962294	9.03178998769098
Fbp2	12.5610350223795	7.01400184871674	11.8826886060507	0	13.4442749502233	0
Rgn	0	1.42542901112908	4.70323442650044	8.35718341443183	4.56008006684379	9.40593349291525
1600029D21Rik	0	0	0	0	10.5007069091708	0.383610314021662
Wdr48	9.36735699544966	9.689953268487	10.2591870798328	10.2880763276934	8.3264867618421	9.90692327977915
Bmi1	5.1906291463139	10.0586183307172	7.49898939865555	13.1907493174901	8.28200305356885	13.6509876125045
Ptgr1	9.55881742856133	3.51111868740459	8.98714925724406	5.86126747946754	13.1423083624364	2.19774791067315
Chaf1b	9.86217194866556	8.97534020087703	10.3300609235672	7.12878417267549	8.627390789693	7.44521232298834
Tmsb4x	0	0.547422127594874	0	7.10372223364482	10.1185494110468	8.07153244017682
Atxn7	10.3224585123102	11.6649913839818	10.1285741540111	10.3981686311333	8.43174184135317	10.597987060738
Pgm2	0	2.12116173030705	0	5.01970579263171	9.70775173815322	3.28997148639908
2810405K02Rik	0	0	0	0	9.32830255881143	0
Klf17	5.3013776910975	14.6059029099781	10.0393879314149	14.2887867504847	0	14.3314031587052
Ell	6.19577330274282	9.06289881969458	8.72431777012755	11.5140374863769	7.4135046088948	9.72576485649631
Nedd4	0	8.77979799526305	7.12608462155969	11.3443959220152	9.92660665480015	9.91535753374609
Yars	11.4456356480493	10.5237323464367	11.4458615580322	0	11.0323511698222	7.98666766106447
Efhd2	3.49449540594889	3.91593975080042	2.15294904490253	0	9.55879205645457	0
Ppt2	11.7558498452133	11.2947463506161	12.2260365496244	10.0442618048993	2.2206364546199	8.30310441452507
Zbed3	4.66380849265131	9.94720082304056	6.49921590695828	16.0868746502901	0	14.6175481222325
Cndp2	11.6676307140844	10.7346295974056	11.6406439993052	0.340770982792962	12.4431307492059	7.58673309621373
Slc34a2	11.6155067222202	12.3930223721589	11.7212504823431	3.06631568694913	10.104124158903	13.9704979060296
Tpi1	6.56048793001219	2.2893547645969	8.31777981577756	9.95534161512113	11.151368461941	9.39480645749924
Cog2	9.15879942509876	8.29429050108718	9.66526033590872	0	8.49212132856533	0.300251222928723
Stard7	0.477647758456932	8.09255954939869	5.01721614150592	11.8514877062451	9.27984098018335	9.89022592172621
Fam101b	10.4584386621829	10.6576438970672	10.8765039939186	0	10.7715916055803	2.99495086198865
Fkbp11	9.38939509720626	0.817236210845627	8.96997060941559	0	7.6200411977	0.986136243452691
Clp1	10.5693386454651	11.9177715811701	11.540842370248	0	8.44170278499167	11.9108878645821
Ceacam10	7.35689930514924	0	4.05343253108827	0	9.40740715033243	0
Gsg2	7.20039817415804	10.5825016980371	6.87061723081894	9.91348915540064	5.72849914791853	10.7411158016636
Mknk1	7.14571599696654	10.455225383061	9.3522104123612	10.3007956723306	2.80204614502997	9.64505979640225
Txndc16	0	0	0	8.91847266684037	7.48892540529112	8.78401763128366
Sfmbt2	1.31279920066053	0.567139803501247	4.02479934140299	3.82245585256848	10.417037064783	2.11206276068524
Zfp335	8.75417285825879	11.041689938423	9.31961310244972	8.0354258867908	6.29241191031644	9.97560792255123
Amhr2	7.41841762948637	10.2909823573076	8.96890689168821	0	4.0462401188473	8.66365765412111
Tmprss2	0	0	0	0	10.1489739386061	0
Emp2	1.86984782472626	3.58967177495567	0	11.6059124946748	10.4773351520608	9.49253565756507
Cct6a	12.7627951492084	12.1244842839326	12.6159943514158	0	13.1759705223438	9.52568111034263
Cd320	10.41317177813	11.7087791380105	10.7604653050143	7.84737383955045	7.38985052706912	10.8786737126302
Reep1	10.4568858869332	0.4127395077531	10.8220561722055	5.57208249491883	6.92932454331953	1.95139390888338
Yif1a	10.3007355296228	10.5025263826604	10.3326014440707	1.91481564954795	10.994391620512	0
Psat1	14.1918714986215	13.1875509077809	14.2363198751053	0	12.11801519843	11.4341910683329
Asxl1	4.64580208175314	9.77745907814021	8.03259792897802	12.4093723950803	7.38034774533864	11.1150852292668
Nynrin	1.32721487763619	0	0	0	9.92378765487959	0
Trim43a	14.4942933104538	14.9703053781572	14.6358005813359	0	12.5273794626533	13.4772227989284
Bex6	8.66877091964634	10.2089811348801	9.9879669151279	0	0	10.4758117714126
Ddx31	8.93914044384685	9.96596495429106	9.62639221986155	4.72530559578818	1.82692833827456	8.60444028193186
BC053393	0	0	0	0	12.3107027563047	0
5031439G07Rik	10.9834913542771	11.4810837805977	11.1925737400656	7.60654501769467	6.31794267395856	9.9617482837638
Ficd	8.33420210419072	10.086478998192	9.47304129118548	1.84108553317705	0	11.521428024631
Sept11	0	6.04118974164208	2.28296483073057	10.7440508931852	10.4169081718643	10.3200857400927
Fam193a	2.09811854237676	8.23047823855049	7.06081341282377	12.5486526239206	8.61739074586321	10.9049200123552
AA467197	8.07842992901354	0	7.77286405540972	0	12.0911538587048	0
Baz2b	6.26080231580569	9.15994373399944	7.10463873572749	11.3668022596285	10.6587243677741	10.3484615148073
2310040G24Rik	10.1295645212887	9.86777427068584	11.0086793448784	0	2.88187908370057	8.49499357978186
Syne2	7.87429019540988	10.8722176793678	9.57141223522395	11.8455042809016	6.31732833282374	11.645236627028
Nlrp14	1.76531494516987	9.38761754010077	7.76049496883388	13.313402165056	0	12.9805785966474
