16cell	4cell	8cell	zygote	blast	2cell
Dkkl1	0	0	0.999998317259721	0	5.42311432753184	3.58838616219196
2810432D09Rik	3.60282053681637	4.18509367571415	4.79680386178347	5.07163817557902	5.79578918888768	0.375975372233465
Apitd1	5.34993183348045	7.54792243265004	5.42064327129734	6.8534020137117	5.36635937068763	7.86622778122107
Rpl36	10.2613173784457	7.86048281549286	9.69200516354721	1.80872820555059	10.2419952385346	5.67799849806958
Gm13718	4.53608087751249	8.0642152286579	6.06722354576613	0.0173924205182584	0	7.20795910876754
Nop16	7.1011372009158	8.1364069100566	6.99180220457906	0	7.1064972108136	7.84981859001674
Sra1	6.00362580014868	4.6491658990634	5.94826029321227	3.40886514371947	7.33727697545538	1.48992168002161
Zfp296	6.96385923837197	7.77559291599608	7.15931467687775	3.8153912124653	5.64391852030696	7.8795724452432
Tmem208	7.96350167399234	7.04035628554912	7.12576043887002	0	7.34905140340378	5.49726779913657
Eno1	0	0.70380724500289	0	3.29502088748362	6.45360811828882	0
Capg	0	0	0	0.128779618290212	6.48046722375122	0
Tufm	7.78207594639809	8.25436961274502	7.8701192551778	3.51970193202324	7.83277231280883	2.04885734351449
Ptges	6.90518312173008	0.397897916675486	6.73634209984665	0.0736573455628204	7.48006085343026	1.78299575828836
Gpx4	9.27067263951951	7.13094563674583	8.96822438293985	1.61719137147666	9.77445684926207	4.51824647549686
Obox6	9.43827675951776	10.1290860033176	10.3266543606516	0.0420162701453075	0	9.9987724419055
Mrps18b	9.75083699895104	8.27222880560507	9.45428252646517	5.53600683878386	8.89729539522686	6.26859738007248
Fabp3	9.7859790619818	5.55078837454392	8.82667861981366	0.975819556948281	12.693662953468	0.703239889795662
Galk1	5.79887216303531	4.69342301665698	6.98726002083626	0	5.41102664644661	0
Npl	8.41799863609783	8.74033870440366	8.36676966253558	0	8.32992351465529	7.10938748117773
Mrpl52	6.84376191590509	4.34191219753061	6.31970138712833	0.253286235645059	6.88299739323039	0.394103330248956
Ly6a	0.747214753018929	6.28135195237591	6.59999780093794	3.39851712539102	6.6995231503831	5.26311605483959
Snord47	7.01599474349234	6.49954692355546	6.72581893858338	0	3.44298820848319	4.92182066251186
Tpm1	5.18336211322447	0.299258845343232	6.10557104437136	0.569729595065608	7.92314873324391	0.122509853905679
Sparc	0	0	0	2.78354618385068	6.26455070186775	2.508588057262
2610528J11Rik	0.387698248699177	0	0.257106431026364	2.30343196198705	5.81604507183417	0
H2afy	4.63258176831892	0	3.69202211384311	2.78977491215459	7.46060178096471	0.620533167223248
Rpl7	12.3842340313711	10.9911275932282	12.3833609923832	2.12797919875175	12.1109392968434	8.60540075317993
Rpl6	9.60861085972955	8.74593909655437	9.61906046745513	1.05123769988001	9.19386683621827	7.38430561654264
Psmc4	9.06445949964968	8.22535380574029	8.99395455065949	4.56289967466708	8.84128886896752	4.29975977608679
Vnn1	7.25691138868289	0	6.8821137307358	0	5.28411310752492	0
Mt2	9.34970891420659	9.16919580742391	9.91940070055703	1.95507183658867	9.11222283811268	8.89750101935125
Upp1	0	0.117182274662866	0	0.679455512203621	9.16651770471088	5.82569948766642
Snord100	6.19649531954087	4.35066266290805	1.68438423603298	0	0	4.19718617122224
Elf3	7.46055850273606	0	5.42459603624507	1.1889288279517	8.88965721952014	3.48975623067523
Folr1	8.39096290853779	8.44624995106138	9.09859607147791	0	8.11501659718274	7.69970371129466
Immp1l	4.45992750261039	0.295365149606357	4.32593646231535	7.73981472672545	4.87337655601551	6.89873924721553
Gm5424	6.99705673770311	0	6.18197594084457	3.18362009101707	9.12491134651306	0.738632071716864
Zc3hc1	8.36245364079128	7.63270198273253	8.23967375165564	0.372396169684384	6.09892875781	7.83935087877254
Dap	5.20806491634858	0	4.1170470879437	0.0995692424442433	6.80282193931645	0
Lysmd1	0	5.64462789974288	0	0	0	8.45729108194438
9430016H08Rik	6.34527479359225	5.19064763991688	5.97373923180521	0	6.00550483894054	0.140979127075958
Rps27a	10.0886943572252	9.09586610534097	10.1974685118243	0.430460430125999	10.1187564129626	8.20860614930757
S100a10	0	0	4.06822022618842	0	7.23807775359153	0
Ppil1	8.1209798735863	7.9718290971903	8.02330975979282	0	7.69405080789374	4.83697370853241
Gm13691|Gm13693|Gm13694|Gm13695|Gm13696|Gm13697|Gm13698	3.39820626979708	8.04719073120747	3.13191841389611	4.65633541978742	3.57621576850997	8.16379525396798
Gsta1	0	0	2.33151844777487	0	3.98879942340404	0
Trim43b	10.1424271933835	10.9302417162562	10.548509280817	0.0998523094727154	6.81901035876254	9.61166906433926
Fxyd4	3.39395427277262	0	3.34619682476525	0.0738715760876038	7.23021871911654	0.0330491414713478
Mir1982	0	2.83217010647121	1.50139715846102	0	0	5.51221317576969
Dhrs7	1.16305367192061	0	0.268628169108239	0	6.57055487482483	0
Ndufa12	8.74421604086115	7.21947846062193	8.45981599728879	0	8.63383941783635	1.50143724626061
Rplp2	12.491086962535	11.190664529962	12.1383615133421	7.37489646475542	12.2613940976233	10.1873016797195
Lgals1	0	0	2.64576006494217	0	8.34377597032908	1.16956399190802
Nupr1	0	6.27202162845444	2.93937396582411	0	0.16652270199735	5.29669571474886
Trim43c	9.31905242376092	10.240553511854	10.0075994944088	0	6.3986011030479	9.06849088791106
Mrpl24	6.57718248071627	4.27081851785745	5.94471816604167	5.55365126336047	7.48390187143893	2.40195616542532
Rusc1	5.63557948941519	5.5368395146489	6.61601643951365	2.46332745365151	0	3.46514071671101
Pla2g10	4.22056153453213	0	4.45033824120363	0	5.40684439063484	0
Gsto1	8.42504492741971	0	7.68687964251311	0.0386461069295324	8.31850003116991	3.15830465162031
Gm2a	7.93226383592151	6.92849564157413	7.98237481758377	0.0105439143705304	9.22889999975463	6.51077083987941
Ocm	4.76985048475925	6.8068453812965	5.81072417722429	0	0	3.57829020067209
Spsb3	5.30315274365624	4.99582098601	5.81264524234986	0	0.792661172050072	2.56357579325855
Apoo	6.03033498040771	6.4051450704422	5.74149763410929	7.99501959637834	6.37015811452831	4.53422977529356
Gjb5	0	0	0	0	7.22686077636272	0
Syngr1	7.34923720332564	6.16172994382721	7.37894482531331	0	5.77173384731331	2.45392269905433
Gm12166	6.63207252660711	5.47958237313512	6.54200875737289	6.72305316750329	6.53585174386185	5.89822293459465
Aprt	10.2142475161078	9.78760318687242	10.0332279634347	0.786021867325781	8.41378476016321	6.73185335227682
Calcoco2	10.5882782726575	7.29103194581177	10.2953873111178	0.0188968397331334	10.1901638167999	7.38191704526015
Commd4	5.59552762122925	5.44922181537558	6.3211913838761	0.717877776446631	7.87962226599763	0.361761460793816
Mrpl22	9.1974824827593	7.53793029598449	9.3472503651836	3.62664830913579	8.11293580394041	3.69161608896003
Tdgf1	5.3228745817342	3.07572214464791	6.22209211798602	0	7.89027588699965	0
Snord65	4.90044196563513	0.760645701578994	3.88747043610707	0	4.64250855454989	0
Mylpf	9.30393720875965	6.47433326389013	8.39378741838168	0	8.21408918287488	3.57597520576407
Lass2	7.51627034643176	7.07702151721096	7.76095877595669	0.73243163237482	7.28674482570707	5.19695799785106
Rplp1	12.3391052751884	11.1138085629936	12.336960956791	3.46170013275816	11.9244264212217	10.4817174687739
Prdx2	5.14701077185827	0.4305508168446	5.55783883210484	8.81509582856114	7.98594008193296	8.05286672160068
Gabarapl2	13.4736400735929	12.4354329032171	12.5569549340968	7.02037941454207	13.6496496939816	10.4926848790793
Cript	6.8108244782881	7.62589985792453	7.12652378646453	7.01439668502297	6.81830684068192	8.04924857057657
Krt18	0.675141146706872	0	0.136977509870683	0.163972187962023	9.5734417782089	2.6262552710926
Hsd17b14	7.8840988323082	7.65212959288471	8.23533469782516	0	2.68950820649148	5.16446307578688
Krtcap2	7.77585778543964	5.47266136000235	7.15089114676414	1.32344570962689	8.1315668944878	0.561012146676105
Pigf	5.18324787697168	5.58995303539314	5.18208732256155	7.13819432801385	5.48358094921293	6.17751470887771
Pgk1	5.53548133783254	0	5.22305351920051	4.62684277524165	7.75540400383112	7.12481588806797
Id2	0.10653284194785	1.02085573536408	0	3.8218987089962	9.68222676671679	5.68773253626257
Hsd17b10	5.56025314162919	3.61860427989249	5.2611295581498	0	6.52415133603456	0.176450620121743
Lsm10	3.23228864122073	5.68516634526136	4.37768332210507	7.95620337215347	5.57313455726915	6.29448560959537
Lrrc42	7.58270312394434	7.6634687254825	7.63997439280198	7.63947849346398	2.58496686361913	7.9521643829003
Stmn3	7.47870091930377	6.30583103149955	7.31714624659682	0	0	4.16374988129316
Dnajc19	6.71967495431961	0.345560517671499	5.91550193958951	1.45189041604676	7.15045490888373	0.354346162571022
Bola2	8.46467495859717	8.37588182379852	8.11571204901085	0.61030670270454	7.98858733953146	7.15722456103938
Gm11517	11.662761432135	11.8039137299912	11.8369216709222	0.0340078179035243	2.65164495848053	10.8803399497259
Amd1	3.97911198006286	6.93585432500783	4.49389603173516	4.97474180319885	0	7.23268986360667
Eif2s3x	9.45241148472871	10.0266655394667	8.67676699097876	7.66953053967364	9.64902090109336	8.17122043232343
Ifitm2	0.245238171458952	0.365973956404933	1.83595654264613	0	5.50303988465607	0.0645146321702065
Gm10324	5.85323376917562	4.53376530541194	3.51841923966327	6.77227343062012	6.01104329597768	3.70964290568176
Ccdc56	7.48302757334617	6.23101054293907	7.15451477310973	3.24122957725476	8.32851871080254	1.85633319491779
Mrpl43	6.65529800933972	6.73265034122401	6.54773735455425	0.115026348804039	6.35328823903178	3.26343464537499
Mrpl36	7.03788371634536	5.39702820310154	6.81164326774752	0	8.11641117921616	0.229739365308298
Adh1	0	0	0	0.0562228114990139	7.0936912439902	0
Plin2	3.21867784796807	2.97492268722246	2.92954799488265	0	8.29377412307001	5.32513713432203
Spp1	0	0	0	0	8.12483046361637	0
Snord104	4.56837674653065	4.08280061771859	4.43908167785807	0	2.24158486679291	5.87311339516782
Ntan1	0.912045707913375	4.02003437881386	3.25752015486466	4.38699855387917	6.2120383980204	4.42170853401285
Mrpl33	9.02306649945047	7.35146949295904	8.78310852777233	2.32908255773506	8.79889005471442	3.80610792491669
Psmb6	9.50020223553733	7.83215032423539	9.28960604233023	7.15348977762287	9.66163291830116	5.74285632488201
9430023L20Rik	7.36008058995881	6.52114324978648	7.62237059443527	4.41330203280374	5.88367962986125	5.83921548969053
Apool	0.721790550792899	3.8180920343985	3.95102157210178	3.4493787722409	5.82587110698162	0.203238503092278
Nt5c3l	8.05972737111444	6.69149038290676	8.0245998318456	0	4.34343656301969	0.791937229672662
H47	7.59652524232322	9.1388697316227	7.67021728174924	0	7.17501280901564	9.67345531403588
Acaa2	4.17270685484833	0	4.09431570937206	0	7.97779745589761	0
Gps1	7.2509309156029	7.78646537364213	7.48738486390107	7.57065825301476	8.03639063641439	8.15386799344915
Hmox2	5.53993341817343	7.04753556078636	5.67849142122841	2.89086299758425	5.90143585650176	6.51332775460124
Klf5	7.28441779901516	6.75978485074624	7.36662074446155	0	6.92238638350702	5.23092829946718
Uqcr11	8.40357177769353	5.59475094418527	7.81658976420464	2.21696235375097	9.14725810382846	2.9341625850757
Rpl10l	6.53783873703794	7.47454557051846	6.51212569757465	0	5.39578051314357	6.93716717992676
Mdh1	3.47447530747361	0	2.26126190011501	5.69693547804812	7.46864731515862	2.43250086755835
Xlr3c	0	1.41640407738077	2.3871832849749	8.1955396987106	5.51262565332835	6.41752937029016
Got1	6.66573951359939	4.45624630397932	5.44814761829934	6.39334249408707	7.62676976546111	6.15188805054443
Txndc12	5.08295497953616	0	5.05764191399597	3.8876741656653	7.51209654079441	2.56145566453383
1810035L17Rik	7.61305267281436	6.23699063335775	7.49397130999236	1.32892653466968	8.4622018313795	5.09292783622327
Oog1	0.853814658236221	8.06542779272097	0	12.1669641386429	0	11.4849052424356
S100a11	7.35332730885305	0.628760867195094	5.77115140571777	0.724931761800373	9.72918096942426	1.93027812159313
Plp2	7.87872252195175	0	6.68091653828398	0.0912749768338158	8.50840089527735	0.0480439989074634
Pafah1b3	6.47967955469128	4.55622486182903	5.87381104281511	2.44918735041685	5.90511502917662	1.75113352808126
Bad	6.49221096380969	6.30891869472428	6.35931119173975	1.07700456575467	7.46500765339961	1.57020174127224
Gapdh	0	0	1.59146743967942	2.25572027435333	6.22277276176293	2.44071287058249
Gins2	4.94638042084465	6.64470540148551	5.05214652675411	5.41129970062453	6.64999828555885	6.5688470427904
Akr1c21	6.83150677207385	4.93975270721412	5.92058360639759	3.41032611748241	0	0.14447204496815
Hnrnpf	11.4714582641095	10.928182976578	11.2803867400956	9.87195261126442	11.1953637628871	10.2150842051247
Serpinb6a	5.54571183026272	0	4.49474047601247	0.10966225593635	7.94292840372762	0.151405493497782
Fam136a	6.83879114738075	2.17529013459715	6.11603425044356	0.393324707307103	7.39087965426161	0.152785677851427
Gjb3	5.94278428373785	0	6.00374454407308	0	7.69404291432118	0
2810428I15Rik	5.37654341806744	2.87878924718744	4.99052802506244	0.576590822580441	5.22488857271308	0
Pam16	9.75127655695801	8.86990409958231	9.20724889766578	6.99602923416044	9.10846483246748	6.18230584787459
Mgst3	0	0	0.700604655016008	9.58217555964271	7.17850298779489	8.91940727766638
Cstb	9.18786132356237	5.70317339274861	9.41391568025629	0.78178145301619	10.1096571007611	4.68084025328087
Id3	8.36124503733397	4.46945297876256	8.66329737979174	1.14803150715835	7.11389349388465	2.03209247983964
Rpl11	13.9693081840244	13.2433829046379	13.8629501908381	0	13.8157463094095	11.8599149378538
Ndufs6	7.79164477891779	5.88439426337528	7.59090001884553	2.94292730325235	8.77240873922447	0.499591309487895
Rab20	6.62026134066234	7.24967158279816	6.97224902376799	0	4.64686500633314	6.73469170092381
Mir682	8.10096158671163	6.47109647885125	8.0976046754878	1.32489422955023	7.93879929662695	5.44582356540797
Zfp57	3.77513601943374	5.76446508340824	4.32384058690945	11.1624500383365	7.01869528915565	8.4878731641622
Magoh	8.92313892993048	9.86399927411119	8.90270123787559	10.0515180676306	8.46498586950384	10.0971982721832
Gyg	0	3.76601320604204	0	9.47602751663008	2.01519124640085	7.9047175895939
Ccne1	7.96675336650423	9.02215955298887	8.77463385463823	3.10128712961736	2.20051523643722	8.97808016097436
Aqp8	0	0	0	0	5.62065104111449	0
Apoc1	6.94647053314776	4.84064334189159	7.05651360664973	0	8.71250420299213	0
Cyb5r3	0	3.93949311843045	0	4.53616262156939	6.25645412688163	4.72208111608541
2010107H07Rik	5.53738504632127	5.97796943488775	5.51796183888618	1.25195948131621	3.67030586379238	4.37447773793068
Ctsz	6.55397450860133	7.73475052251778	7.44680884119894	0	3.63909093316547	3.21030885505591
Commd3	4.36782634590374	0	3.38238613961631	6.63115607194473	7.43092802577693	6.09430485947907
Syce2	7.4855229754164	6.04338013965522	7.25740116369452	8.07634235662281	6.23129490351302	8.109062584873
Gnpnat1	8.0458576024166	7.74365829728532	7.88009262255556	6.97680400937584	5.57009456083019	6.7763711204854
Timm23	11.4450719815172	10.3662187072279	11.2460594515424	9.0116276615482	10.1618871561508	9.87601741916744
4930453N24Rik	5.36440986421108	8.02287520803785	5.65313002853599	5.97688227712736	4.32724883508694	7.62431433134596
Rpl28	4.86006476141955	4.26822771785298	5.02936275653591	0	3.64755414438732	6.25835687019292
Rpl26	6.1115594713678	3.88155822173414	6.26609171978542	0	4.85472835979939	0.530885745748712
Cbx3	8.83399939507689	8.91231301757309	8.80127733749753	0.539229092711726	8.42713972093333	8.561693505061
2310016C08Rik	0.249253330262893	4.46356568607178	4.19315227697952	0	4.83905762774274	3.14272038316213
Cst3	6.13594675638532	3.5429596464478	5.37102403140847	0.911354594263445	6.89675083319024	0.256111064470952
Cth	8.66695120170699	8.04401697948015	8.80919815695597	4.56026011599914	5.0961510202622	7.05057172406016
Gm9376	8.99905536827928	7.48499201796654	8.80680064284851	0	8.42029352652386	7.2953349367267
Nagk	4.51999058835295	0	4.87756677974152	0.739335183269627	6.73270704877569	0.0261223593194674
Crb3	6.55461280017842	6.62619878799883	6.97648694204912	4.52436773311892	1.12530549484464	5.87351521531414
Tmem147	6.59942794207931	0.103249326235496	5.98384701122983	2.88497403792343	6.8671359711812	0.349118826975411
Gsta4	0	0.129829508348351	0.26406707297177	2.26563349155515	8.64062296871335	2.63598683264487
Mcts2	5.67619423823768	5.64215272975063	6.18848625699269	0	4.7516730130384	2.8992555594822
3010026O09Rik	3.36292011058975	5.66684303199656	4.45932304488416	6.33028933970037	6.74139429026764	5.0771700409436
Chrac1	6.15866470888949	5.75711302929768	6.57197134942743	0	6.32141542791258	4.85140674595143
Zfp707	3.82570696367663	7.21057580825299	5.03685142748402	1.43809616514649	0.0498293684359662	9.11076795208334
Tmem223	6.4014357951121	6.74403260270551	6.08489477314029	1.68326744883729	6.34483599611139	4.92486056502949
Acot13	4.78004736377314	4.29753088843199	5.43087432648225	2.32121325517949	5.0985519792486	4.87485477712426
Map1lc3a	8.50471103106457	9.10971189813532	9.04469196955781	3.48667013263259	4.75297517641722	7.52203381251547
Tmem14c	5.15416984911603	3.080023577173	4.75838854715119	8.47364970813527	6.94125323971177	6.95895315713875
Cenpm	6.00454705316059	6.37657272418693	6.19345093368027	2.41274955803753	4.49723258327279	3.84486735773759
Srp54b	9.62835141467492	10.3596108500805	0	10.1678474912381	10.7159209961707	8.42173262063043
Tspan8	0	4.41618178967873	0	0.236960047525056	8.23807567522256	3.43000692024528
Uqcrc1	7.43309983458538	6.05947056923691	7.3271493397522	0	8.51035062255551	3.05964566841492
Timm10	8.5563558913935	8.7656251750045	8.44816376451631	0.605639867105628	7.71681978419872	4.888557216265
Timm8a1	11.6317065545231	12.1269023544289	10.8618681346814	7.34887048535811	10.1506907545261	9.38979169532188
Ndufc2	7.01259316435399	4.62226989475365	5.39413963473321	3.65911400793962	8.31489130592537	0.581695027631526
Rps4x	12.0711665020665	12.0271021806338	11.9996814962014	5.15639817616192	11.6387672776689	9.63493955149796
Fam36a	5.0616289617669	4.45082698762842	4.48884629263457	0	7.40693507873433	3.10170157418663
Tfrc	7.40628486897486	7.33457929635993	7.81616428485525	1.23697799168459	2.42958812858714	6.9128206877244
Tmem179b	0.718286030368923	0	2.61294739056817	3.12856326596434	5.9333135267001	0.486811895920997
Echs1	5.23963561977885	0.104409480823937	3.18326263844353	6.13488227612495	6.91688818295183	3.66560397250326
Glo1	3.36249615575725	3.29380170649515	3.36964137686984	4.44850859714893	6.79382815645156	2.74213351270159
Gm2382	6.0443237210953	3.3732422356223	5.36780348068358	7.21800205895987	6.06150269647797	5.35866421118959
Zscan5b	4.37372411330142	7.91007358966364	5.20739928758846	2.98254476853658	0	9.10951433435561
Ndufb4	6.86266100594288	5.08508198073235	6.38203471498943	2.91214783569253	7.98739904325976	1.54692842864882
Clic1	0	0.125320601518301	2.80427606313889	0	5.8058958206526	0
Csrnp2	4.73153679393458	6.28463724585576	5.66685513345696	6.58392616971547	0	6.27786184552751
Tmed2	8.32964948345737	8.3761094933128	8.15806226736258	5.71884061760433	7.75662527700247	7.48461398285721
Rpl35a	10.2816055932285	8.71450843646023	10.1170811516598	1.18287958545385	10.1556817144559	7.24870760801088
Trappc2l	7.15963275181552	5.72110484233309	7.33844559145514	2.36477130343913	7.13219386734898	2.33530790902269
Atp5j	9.80314843330333	8.64993003174408	9.65796104881589	2.39944813106446	9.99303648983316	6.15251128918003
Gm10012	9.10877265443604	7.31502788942135	8.68008733363894	1.51446642681195	9.16050262265175	4.39125484158361
Rpl10a	9.19635888374039	8.21942959034396	9.10848241978012	1.32320362426211	8.90177550812356	6.99715811920288
Commd6	6.24359151422146	6.44992267102141	5.33732463320608	4.11362574534673	6.77197558591062	1.14712606437444
1110058L19Rik	4.95243364901689	0	4.77359899363341	6.62268101468877	6.47949312646563	1.41908194156828
Snord52	6.81492496096639	6.21413659255687	5.99700964969035	0.451818099271055	6.26373002463838	1.13546660905303
Pemt	10.3927522959581	8.78645128183609	10.4251567346548	3.41261533084496	6.35682229427704	7.38839566665234
Mad2l1bp	7.51834444124687	10.2750608596034	7.87328606121219	5.2446068923525	6.7354338262946	10.5611123465202
Mrps10	5.85815527710551	4.42473285023934	6.02568269646407	0	5.68439044960489	0.220571516485467
Nhp2l1	11.5531102993833	11.8287856581023	11.5681955842617	9.43216993350543	10.5972851613525	11.3989969559571
1110012L19Rik	0	2.9393519161956	3.13274978899069	7.28783720007586	5.13104982588257	3.6701660970878
Nipsnap3b	5.08340116412514	1.26848180287511	4.34759653727998	0.0621449921122831	6.16606197863714	0
4930583H14Rik	0.221521281358843	0	2.23446271649398	0	5.47618078516509	0.360449267893574
Lage3	6.42548810383179	6.11237544048756	5.63481968294847	2.96179065674433	7.10975475483537	4.93243536207684
Brp44	7.50222024386964	6.55984220450806	7.94491752401374	1.12548631167016	4.61372225740458	7.2510471166148
Renbp	8.06613174381977	6.61309474229005	8.028953776642	0	7.85764298248672	4.84338415639848
Ctsd	8.3066194190685	5.71534933983856	8.51331787017196	2.2406149821361	8.0825441597166	0.636720489547383
Tmem50b	7.41849228109053	7.95395784108822	7.27549809587731	2.9647445856879	4.68092870121553	6.99422700204535
Fcgr3	6.41972594093577	8.7677591637587	7.41378287606747	0	4.06719983713627	8.51738150395717
Acadvl	3.61533735817922	0.0529168400651287	4.87250155077805	1.17347514736986	6.83509262942633	0
Cldn7	6.77170571266064	5.35222001988061	6.61598502986912	0.350340076220769	7.54415538493418	0.553334845046126
Ppp1cc	9.914227670635	10.1394340620027	9.84922697751542	6.78185700091542	9.52208263930667	10.1847175456024
Ece2	5.55360222041816	6.81127017781656	6.29348467272481	1.27921166304855	4.34378797328664	6.25362453698184
N6amt2	7.86750730655344	7.23012202628122	8.00995064697914	0	6.57659192689986	2.58394079146227
Rhoc	0	0	0	0	5.67004196933724	0
Dpf3	4.28766462111268	2.87931517264359	5.14820179311042	5.62392436521051	0	6.62608067086872
Gstp1	8.33162211765691	6.40969203855652	7.61065321051392	2.98674738733034	9.48505702970314	3.20931907203
Snord22	5.79615628715893	5.74958122389138	5.24894428703644	0	3.11461771320866	3.65219683453156
Wdr74	8.81079665347925	8.30084529580358	8.76776417599235	2.81462697356504	7.62162252652313	5.88092679599155
Ndufa5	7.8955165506303	6.39643679274417	7.37154690678484	2.91505055457624	8.90521215531517	0.989299706432099
Ass1	7.44632936268305	0	6.54119436681984	3.79152394916379	9.61227357777834	0.934560738915206
Rpl38	10.8157852030482	9.16765223604602	10.0907049943315	0.405770533852178	10.3218497668974	7.54825994040546
Krt8	0.352749834015528	0	2.21654083472866	2.58309344168604	9.5752802215453	0.638886708082238
Arl1	6.2420812511111	5.98516095973199	5.73665152958584	5.30317683515096	6.24279424381231	6.1908876751966
Commd1	5.62105945418034	1.0148552884141	5.79715369974782	4.75220374993979	7.42799179286864	0.934707121958936
Atp5o	9.20083486568048	7.90435161232525	9.20756818378512	1.33844125025425	10.0846945567208	4.44438707464012
Trap1a	2.13907769578794	2.92787247883724	1.70268906017138	2.54042236931596	7.52411057770748	3.86553488950893
Xpnpep1	6.1324232273243	5.73331783989508	6.19420450098784	0	7.4355191214208	6.09039479652633
Cmbl	0	0	0.0789992835179711	0	5.75392786125888	0
Tor2a	6.09823474082847	7.02207822480234	6.56979298949995	3.67888489494988	2.77820452018167	6.64600923897236
Alg14	5.74510942962785	0.0979808932746354	4.98956818976955	0.0597636223085391	5.43994331460607	1.05548317222888
Phpt1	5.73255520834399	0.331676424438515	5.60479105887504	1.78758377983616	7.33681243185174	0.0285011644053171
Cdk2ap1	10.8226831041529	10.2131809024689	10.3939095993591	2.66901942562217	7.15932147078292	10.0963620626468
Sdhd	5.57153959578583	5.45240784805578	5.38796344993838	5.30902603602038	8.04155171867871	3.45323226021035
Ndufb7	8.47876921899518	6.6068067333821	8.23204738588982	0.723171423864475	8.45680392845728	0.419898074918175
Dbi	5.15915296493908	3.39964197008531	5.16829076983888	5.65806603868183	7.30663534295753	6.11655272684004
Zdhhc12	0.11694495356758	1.03871706457341	3.77085326310901	4.16898132604997	6.67257674468746	3.42493144701257
Gm13611	8.71440915319886	6.52325597279856	8.27312334075636	0.654101445933347	8.8613537544348	3.60379944540064
Dpm2	6.53404359692378	6.53862260254814	6.27950187576759	5.4980714339442	6.610743227405	3.37776863829932
Snora65	5.13197737857031	5.94694840057726	5.48037374542968	0	1.31690504108141	4.27479239282884
Edf1	7.49790641569722	6.84397663050376	7.57037413546103	0.859526865221961	6.93367972336562	0.739638389945868
Ndufc1	8.59729010939242	7.53642295687733	8.29681269920554	0.576639079017354	9.21004802260846	4.76812796636515
Dusp14	7.44560345736606	6.93991282413221	7.05041427506424	9.02393243310704	6.98573646407049	9.49650517499463
Mrps18c	8.34691164567967	6.6669233756086	8.32088921414908	3.37016332396428	8.40180630788801	4.02671804259736
Atp6v0b	8.25336549338276	5.95521970800582	7.7551776834755	6.19956498987937	8.49753590195637	4.93654164266196
Naga	0.585841565805977	0	0.19100546154413	0	5.56644317224708	0.00943701545722191
2700094K13Rik	6.39894009696462	0	6.0383298068423	2.57579774855504	8.1029997891159	2.63591008967164
Pramel7	8.99746177415948	9.56768125389961	9.31311092758467	0	7.66732449270541	7.72497400572852
Pramel6	8.69360003365964	8.29652985491096	9.08220131562581	0	7.76899097807053	7.53930592852414
Polr2j	9.10661336775742	9.39761418255153	9.05240188451498	7.31992062788881	8.0481420820989	9.08907186174826
Capns1	1.42180632050794	0	1.00903806099868	3.82031051637841	6.98094955559837	2.76700981773516
Cldn6	5.00328779976285	5.78721785688195	6.0736668383165	0	7.02156129185316	6.26970849154819
Pmvk	0.191091682422221	0	2.62548487137113	2.03610289499142	5.85645224482185	0.579440247437418
Aqp3	6.48053839587658	0.4636140665447	6.39552981002517	0	6.74374308376158	0
Zfp781	1.06036447635154	6.322410935073	1.51834823083881	3.03551692987462	1.52958167956144	7.50697769637122
Xlr3a	0	1.59132528152166	2.13682261060022	8.30827768807698	5.59415704291167	6.57245067011201
Nudt5	0	0	0	7.57869415744669	6.75998355646208	5.80197530990595
2610019F03Rik	6.0615451736107	0	5.6195086096687	6.14788173284139	7.54594653324726	3.75526308753129
Gm1943	6.87223940432154	7.41502679556992	7.31449011075482	4.51623161294553	5.29544739958042	7.03619463536124
Pin4	7.20911037973615	6.95624879224464	7.18016756594173	0.50493420501902	6.41984829308787	5.70176531027965
1810046J19Rik	7.03616616985262	5.18446494729024	6.19916899897079	0.961747449370899	7.72515053648906	0.906011165531112
Atp6v1f	7.76030033446708	4.05204477844353	7.03350298320344	6.74662281321496	8.25140742693193	4.9938840897739
Cd63	11.3714755101735	10.4543819739181	11.280923794314	0	11.0982300734503	8.38801725902731
Mif	9.32390717168809	8.35161957142293	8.73211969131089	2.98067513675863	8.49635339066978	3.98449716779173
3230401D17Rik	9.63273738140551	10.6569096604822	9.14028289772504	11.8628488687412	8.83104395660738	11.2932531118367
Tsta3	4.59340071097958	0.349846338623437	4.5100452551186	3.1435856609034	6.26003899911963	0.425524722087925
Mt1	10.5983429743419	10.0356712566046	10.9355523361754	0.41561357210588	10.6103098858162	9.65839997694614
Snord12	3.56816730937334	0.767915011919139	4.98707470597399	0	2.60042960516762	1.09677539742654
Xlr5a	0	5.40874764711948	1.87648740275198	3.94227056188505	5.538201680889	1.49844668878069
Cox7a1	4.41647486444541	0.560673647837604	3.39885619583602	0	4.99820290629948	0.140851092571828
Xlr3b	0	3.84216094724158	2.99124545434122	9.9026285541974	7.50770233945163	7.04702250146222
Prpsap2	7.67884564412645	7.35402663179336	7.78951550117784	7.22974199870328	6.84463018624933	6.69600187034249
Zfand1	2.19953917239197	0	4.39069148402666	1.49160138711186	6.02393273584936	0.135884703939422
Acot7	6.11111631165324	5.02691635817559	6.157334489887	4.19362182050334	3.76821545641291	5.03432535960574
Rpl22l1	8.10920446256577	7.04080933108448	7.44002480999231	0.890397770535867	9.83510023561162	4.7931752203605
Larp1b	7.10473273078669	8.09188267461525	7.12833376284598	1.88941702348254	2.59525231223647	8.43419662807328
Rps17	6.94901167782427	4.69180226307214	5.61357451930632	0	4.96114834547893	0
Yif1b	7.09684683871151	5.19839706657683	7.08179198868969	0.878510371715595	7.57054190886575	3.16896971074502
Alg5	4.24594417036834	0.0691008412816556	4.17661071640659	0	5.84670556955993	0.816796648772486
1700019E19Rik	0	0	0.501235242908247	7.65251826853137	5.20763561203505	7.09396579621612
Tagln2	6.05693801027372	0	6.19447389546517	0	9.28239949607623	0.0705941440946213
Spic	8.11689712325776	9.86452052160709	9.66499707993864	0.162293334876638	7.51947239865201	9.48385628157085
Prelid2	8.18790586202555	6.30768531144205	7.51018492833469	0.686415347667856	7.12386381166641	5.27652782008896
Dpm3	5.87912986173553	3.75068923443211	5.17778217269902	0.171176395421973	7.06759041545549	4.09334961134228
Fam96a	8.27683957242481	7.29958772889087	8.10106921006088	1.34401222232092	9.29595912752506	3.5014041352649
Nhp2	10.1469229585563	9.23026357198859	9.73370528006961	3.19233348381302	9.07677636835694	9.50980083044741
Nudt21	8.24301483506689	7.72548149722191	7.96432234609176	3.14881593803946	7.91076044451021	7.55352519653411
Abhd6	5.41027483046013	6.90748623580954	5.76627214753752	4.42098114394318	0	7.42029559536575
Ctsc	7.81517790212634	8.37608139431089	7.78775412189091	0	5.4584256977226	6.88474799347156
Fabp5	6.59299874180321	0	6.19391518463375	4.95737689547686	9.51986800073607	1.90321740161688
BC028528	4.81900760821813	5.6514119395514	5.6117695848338	0	5.38778714847707	1.46173255487392
Bola1	5.42663363364157	4.85974930067155	5.98374097895419	0.102314772918752	5.78820788708965	6.10735843998988
Fam151a	4.86637401260806	0	5.46732152462458	3.23781143503978	5.65849918630452	0.203329306928276
Uqcrb	10.8823110506737	8.64480458114465	10.2296486133556	3.92661273794667	10.9948023881839	4.76640481647816
Grtp1	4.92433218848683	0	4.94813135143823	0	6.12965324848214	0
Slc25a4	8.84166709026038	6.53734296532536	8.2227694643688	3.84498542237179	9.6900205110601	2.15859812486483
Polb	6.5660308311386	6.17023617632822	6.11390095750948	7.31980222988414	5.62199607451488	6.59305972375442
Nme2	12.2774686354249	11.1217887828936	12.2797962344206	0.872961102071591	11.6014939923663	9.96826360190007
Hax1	8.9455151384906	8.13820105635356	8.66927168945485	7.41011872309511	7.2470016448645	8.00006470286836
Sssca1	7.87964178847902	7.66346198027529	7.90762439625599	2.33859014045436	6.34731105367321	3.10769258499886
Ppia	12.9041291364364	11.5249417448379	12.8455719737126	8.41378867324789	12.8755691070202	10.4155254153915
D17Wsu104e	5.25503716620715	5.15972484245089	5.7169782480194	2.82039200864098	6.7192328770255	0.500189411696142
Ckmt1	7.37232630075495	0	7.78991130739614	0	7.81971986635424	0
Sertad1	5.10093434520702	6.26982105461237	5.04158173003465	0.935090116190978	1.31021458325901	8.25675431557474
Aurkc	4.3696674882318	5.53359703053902	5.83304034998679	5.77568536432893	0	4.74586838213853
Hint3	5.61540680099216	3.08840368614612	4.85574226067132	0	5.67210963382075	0.167789310193612
Cyb5	5.72232521331757	0	5.58191709124605	5.83743847721735	7.45731649522517	3.1327649829125
Pcgf1	6.88196114417569	9.67595236034	6.93718716353661	10.6100269050041	4.98809818642289	9.34581824866426
Pebp1	5.90218196191217	8.57394606404516	6.45137378561629	7.09589763836832	7.66443194844217	7.86505852048849
Tomm5	11.0599986327873	10.3739842566971	10.8006484343426	0	9.53442115738824	8.06591496653607
Omt2a	0	6.40891641323333	1.57562505424868	12.4081918345556	0	11.7721479575489
Anxa2	0	0	0	4.96433991437701	7.72443617995697	0.750645130561193
Ech1	0	0	2.8953072001279	2.6134194634236	7.75044861636905	0.295142211080737
Wdr61	7.78408552914893	7.55801894425023	7.71186602584264	2.09259952757227	8.0047363684856	0.776954784734194
Uchl1	1.2423798894773	4.45825196249178	2.90666219436507	9.1635392366452	0	7.99081411767951
Npm2	1.3360716292342	5.89396760859163	4.23640912536649	8.9233419645659	0	7.8315858781896
Snord99	0	5.56980264774937	3.46137528157572	0	0	4.25141564314453
Snhg3	7.06032044027877	7.13624760309732	6.53033697418913	0.532212779408646	6.90230732346036	7.45000871143856
Tmx2	5.84436339752296	5.96861882523143	5.55376532707116	0	7.09424922531896	1.36040526951511
Pramef17	0	4.95248509658016	0	0	2.55305386224917	7.30619639663998
Pramel4	11.1939181466788	9.70767858848221	10.7294839291671	1.0051422162301	9.41168245764959	10.4142422970267
Rps19-ps3	6.58995556341593	5.92800725830757	6.65981167695284	0	6.24948680567876	4.73502565414442
Crip1	3.04701265698108	0	4.5025302480151	0	8.28598378530085	0
Stard10	5.00297488706916	0	4.01326318747736	0.0201017188485061	6.28436059726318	0
Pmpcb	6.52896481064077	6.20442063132902	6.3544745282587	0	6.95426094150246	1.92196488812087
Wfdc2	0	0	0	0	6.215617379202	0
Ndufs7	8.46746475607709	6.05244604910953	8.08003552691726	3.03126775776262	8.83633441948823	2.08586820523641
Pkm2	3.37736153820405	4.03319127420365	4.3186454349446	7.40649398281505	8.69017900649154	8.01341835568443
Gm5918	1.24428974331095	4.57851922855261	3.78203828063923	2.88957153929238	4.99123474544613	3.64463653076727
Gja1	8.68194804467824	7.77058912796372	8.48538148294299	0.0512686972850001	8.62223078041018	5.10177231348625
1810013D10Rik	5.37530138268768	4.19916176755506	5.23797919860917	2.92590985460039	6.30085690173949	0.505262367702426
Rpl9	10.6727057165074	10.0026210504942	10.9004606891769	0	10.4470123112	8.58424553535271
Fdft1	8.48142467587731	7.85401985054819	8.59265978535454	6.16930309084083	5.35366737807353	8.70018720764425
Psmg2	7.1914125261877	5.00341346606765	6.93943770158047	0	7.30563353072109	1.51597584962764
Eif3m	8.81632816327907	8.38262626576975	9.08409933685758	3.00568205296177	8.57611741060447	5.0672887867669
Mospd1	6.56685135171764	7.47012854821003	6.59454549701103	6.26689494413039	5.2606614450452	7.22800070106962
Pdlim1	4.81001825402462	0	4.87561500712274	7.92112672421325	7.11115434693597	6.65437063635053
Hexa	3.5608697367346	0	3.38916457266763	0	7.05094291993128	0
Ube2s	11.0785476570868	9.42669255458456	10.4745160571784	9.62733117945193	8.98456837928652	10.3802353553543
Triap1	6.50274903728968	6.84581552937088	6.83227618041331	6.06895899282688	6.74194975334742	5.11997268533551
Alppl2	11.0502306674992	9.77308060652853	11.0043742435488	0.367572730524746	5.7344760142508	9.05883453458902
Fam46c	6.14357400479067	2.05088883857712	5.80526405642142	6.58624525045065	0	3.72233272092519
Bhmt	10.9455025702452	8.84804196421	10.7417570536666	0	8.7930472113377	3.31732942083119
Nudt2	5.6933148989296	5.00124482687692	5.75902925897376	2.14731645426363	6.35315813464047	0.897864724024663
Taf13	7.62784536880819	7.12289693019304	7.51336810410405	7.02491308925593	5.4837902932095	6.93787070706187
Vkorc1l1	2.3139229693554	6.10132980637832	4.65293761601031	3.59801316551382	3.39549126406673	5.30206743957732
Nt5c	7.9582523780853	5.36812510759562	7.65346135663721	0	6.50778499406484	0.10241612935287
Mrps18a	8.02986918109843	6.74510686079377	7.61404686216565	5.16885749433362	7.71670147615229	1.433497702131
Slc46a1	7.14507405492949	4.61384271784544	6.93698816815813	0	6.9099667445666	0.0458315011170978
Mrpl14	6.85719787544042	5.28832884116086	6.22536168489474	4.04497880739004	7.06191555460291	0.823322877461748
Echdc2	8.30063292131682	6.30250530239767	8.37085371622234	0.236618209161822	8.5548408883909	5.60618480487032
Sycn	5.44254667660856	2.89500019372986	5.13335065844283	0	1.69112102799823	0
Etfb	8.55821587615166	5.72354104721513	7.67639510109348	1.1126143683301	9.8930076454475	0.540619387511746
Ndufa8	6.6518161043063	4.00452325887982	6.19903620589969	5.60638058252796	7.86379951545313	1.27418656808693
Ndufb10	7.88656601951943	8.33107668809734	7.57946541757352	0.414401615013754	8.86331737609669	5.58822506795922
Fam165b	0	2.01520081891166	3.91801446186865	8.61117437092455	5.54490072144414	6.85424733440769
Ndufb8	7.39124565125893	6.20594947015276	7.38126302855171	2.24304260983463	9.13525848104888	4.06901515623168
Psmg3	7.47658397020375	7.59717923632984	6.92795459368879	3.73732032580085	7.19512126247982	1.53106339481742
Guca1a	9.18591745777754	8.10700331928969	9.02380923089492	0	6.87303795389588	8.50858448022615
Mrpl28	7.57304222665825	3.25683903255425	7.26171281589557	1.82833487831259	7.71652272254904	1.47753523979436
Crip2	9.11237120566534	0	8.04080340119173	3.31081585237309	9.01811185710736	1.12840375377492
Gpn3	7.7959035051608	8.69717996470208	8.20333721107635	0.101360526604121	6.84241645352819	7.12160611639288
Ldha	0.084012159309486	4.80409716271274	4.63724155178962	0	6.71950651242825	5.2780542311132
Lgals4	0	0	0	0	6.33779507574391	0
Gss	3.78888979115213	0	0.281702558797191	0.593614045951884	6.87390594639936	4.16598591662712
Stmn1	6.60331795626815	7.83154434210876	5.95034857342399	7.2920507985257	7.64806182797742	7.44573754589956
Gtsf1l	4.7951443388443	4.92115686776824	4.91987542019529	2.75980983908103	7.13689362696416	0.440236655467639
Gcsh	10.5489690601496	10.575488659927	10.5535559463671	0.906966113867823	8.04970839717267	9.35464347452606
Snrpd2	10.0828451315511	9.95146807271947	10.0960647355554	1.93968943687419	10.0391747514453	8.22532119159431
Tcl1	0	1.80893792634381	0	12.0845469188571	0.215998165733355	9.1476533072409
1810027O10Rik	0	0	1.87820034056982	0	6.6827395986326	0
Sdc4	6.59752700276956	0	5.58840015532047	0.287962747746305	9.57264480292391	0.656137347529148
Supt4h1	9.42591537617486	10.1115946550838	9.12267387657195	5.41234446241092	7.90304352623628	9.52441179524339
Cited1	9.25446192795395	9.43079759047301	9.59081618263611	0	4.88833367372574	6.35353103160396
Gata1	5.45890515991732	7.04477438136307	5.53153595514721	0	0	5.61131632514978
Apex1	7.61486653668726	6.71103857520593	7.70354113498825	3.07801041656689	7.39254232439322	4.48790557127128
Rpl7a	9.66845114158662	7.48138672605797	9.28834705097657	1.17801645569932	9.66861102941452	5.62152614007727
Akr1b8	6.46022854124366	0	4.15994749059203	1.38008730709127	9.89397028637022	0.0680761209949474
Rpl12	12.0900694521669	10.7949208858002	11.9942200211543	0	11.9943361951852	8.36841293600803
Gulo	7.31959532507675	4.76179205561911	7.40264682171081	0	4.52514574745808	2.29528422907227
Nudt1	5.81321831132315	5.73147408221746	5.48455221734257	3.09728461726459	5.88474234959202	0.323545305077862
Mageb16	6.09699676388426	1.43275144156437	5.81907869512799	5.1788657931563	8.17425389995508	0.678878350348775
Sp110	9.42024148993227	10.2995410394808	9.93847881728123	5.91719138831078	3.99213379659758	10.0746527220425
Commd10	4.81716278893564	5.03790729568065	4.5506560756793	5.0729503719504	7.11494085158711	1.73373484178495
Snupn	6.29993672594753	8.33996401660944	6.93530096789758	4.6525377534427	3.08913643307753	7.00680179219294
Sip1	6.65847007303424	6.11284404322364	6.70942533246763	0	5.26734715586891	1.09998083653544
Crxos1	11.9020479689795	10.6842037443736	11.8299660935627	0	11.4785087871876	10.2866381825989
Xlr5b	0	4.91359298039548	0	3.45597432831001	4.61837980177966	0.707794169808775
Rps5	11.5541133904169	10.7655951615781	11.5645733870406	2.26163143200776	11.4049001515349	9.00739504823249
Gstp2	7.88492389592928	3.93557229633453	6.81075405818368	1.5754016578632	9.22061646399221	0.587564282582362
2310033E01Rik	5.02909146546369	5.97644746467106	5.59284655367254	3.47946456648263	0	1.2758633432819
Tdh	5.39370586022929	2.34627065921377	6.59662791247508	0.240553593022797	4.85141661276733	2.46674663483129
Dppa1	0	0	0	2.80610593783001	7.15054458206601	1.47625162963522
Rps19	10.7842146402538	10.1140813066484	10.8206534438899	0.528258085210083	10.5488039835453	8.70331155651866
Psenen	5.77054458974001	4.62147830145312	5.13266937498905	8.5613118341329	7.38613932971611	4.91048874736986
Psme2	5.09743505728737	5.25145713852101	5.6645476114352	0.906000865175778	7.14952374645283	4.0886967499057
Psme1	6.38610272287909	6.08678563060952	6.56871147574747	0	6.34648284641046	0.484207075531207
Arl2	5.16537987240484	4.51203543771741	4.58676795295479	3.46264065995089	6.7674097687395	0.501192922650865
Cdc26	5.70005201934193	4.45560229485053	4.97465459605007	4.89289734015784	7.19738321529695	4.98504436468819
Snord35a	3.27252351566852	4.91138619098068	3.5032550013962	0	0	3.77891808354983
Snord34	4.6909099542645	4.02853644498426	3.79033229272209	0	0	0
Snord33	4.58420107546552	4.02957835055041	5.22942072469966	0	1.39720909655785	0.217669911347525
Rpl18	10.9639733896844	9.4817916823133	10.9931566331405	1.1680878754943	10.5221351486348	8.33586057658851
Asns	0.0834705481529283	2.0589064649195	4.11746368576796	0.610715127566791	7.22057655460604	0.176355040430954
Exosc7	9.20308389272505	7.10285151908503	8.85573352804134	5.25854493059675	8.29021041292383	3.75068370013522
Rps8	9.82148920673499	9.37323543053793	9.67099952566371	1.71051310747392	9.49170118173508	7.94710555023857
Rps18	12.0107530481777	10.8093645349081	11.7384820885678	1.20073987582503	12.1735553059963	8.59550751496193
Dppa4	8.76916838534148	9.11841965007629	8.78279641904488	1.50868359599035	7.63019067731268	8.47197012578784
Tnfsf13b	6.58109976602784	6.767065151382	6.7746748681896	9.31884928936645	0	8.41360710920704
Tmem120a	6.108301586659	7.37094402694044	6.31758649596464	2.87556786295441	4.96656098690097	6.80284678514023
Chchd8	5.5222904801212	2.03236442093063	5.21378709915434	2.8212856031368	6.63205013152409	0.0859720560780543
Tnfrsf12a	0.370468917270037	6.08739372884032	3.3097472196021	0	3.40337553884027	7.38271802890419
Cdkn2d	2.61416215814008	9.09792684873	4.9805390403074	4.98206516571489	6.37754622912627	10.2503123422653
Bmyc	1.07374076516487	0	0.764887780570007	0	5.70486564403868	0
Trappc2	0.256759363275154	0	0	7.52538352835928	5.6885538492642	4.75071279366577
Gm5148	7.69624832764687	6.75270385919367	7.57629685518624	1.30281037633605	7.85044244028096	5.17954109258844
Cldn4	7.12414364543169	0	7.00605280398777	0.958795737767604	7.96651731029978	0
Dnajb9	6.0956922161637	8.7577686235811	7.0105242113459	2.31987289393147	0.664948869337527	8.58737981717713
Hadh	6.27001825163102	0	5.61686566785088	1.02378455165515	7.69394184312346	0.00951433965923496
Psmc3ip	6.51864631157573	7.68447093872053	6.60438182320671	2.79731148778565	4.85265721257898	6.68518840651644
Mtg1	5.84272963695114	0	5.34985490145327	2.93735010531919	5.66413071585748	0
Snora68	6.32938725179052	7.58341957409789	6.15941951669104	0	5.55716738094969	5.94894351124726
Aph1a	2.6500899275671	4.25093168216402	1.37485036411789	7.03130795610985	5.40745624870175	6.7083201125505
Bloc1s1	7.12173922747266	5.51473120800558	7.06982095814357	0.209179188654609	7.22781879457122	0
Rab7l1	6.2751805660998	0	5.41735609384537	0	4.70989029592596	1.72338044843636
Suclg1	7.35648278155484	6.37909660195127	7.35176303550548	4.36216396760787	8.91180803720444	0.914885035894151
Cmtm7	6.53827178004657	0.725770393123068	7.20415931250204	1.59528911176776	7.13412517662076	0.184031532248722
Ooep	0	0.864425448996109	2.09089363404259	8.54472951930536	6.08713758638948	5.29753500232178
Mthfs	5.86277891042437	3.15054007385164	5.47228898642019	7.33965431446524	5.95947637217439	5.47321709513128
Rpl3	9.88853397545064	8.77609291672182	9.59005761173191	0	9.81092064825691	5.68128182276976
Rab7	8.01328549572392	7.47612316170161	7.59028920267997	9.09212245034911	7.81148105093176	7.49564305545714
Spink2	5.29500966623478	1.1334881419172	4.76857554601324	2.030330778199	4.14180139893345	2.50539771752635
Fam25c	0	0	0	0.878985141862803	6.54444495296944	0
Pmm1	10.1881063419736	8.60362721913493	9.71542027710628	4.76258685788448	8.28219978071993	6.76795129071719
Glrx	0	0	0	7.13295310274256	8.91397218916761	3.28690964868235
Thyn1	6.47933133182488	4.83260105030494	6.09916807414377	5.3733146129942	6.38011715944312	3.49957786967237
Gnptg	4.74964850478459	6.79468737292671	6.28271213624575	3.58614277381935	4.19887092608703	4.7358581142648
Atp5d	7.27374909728333	5.36224957257431	7.50274776973785	0.795915021161752	7.90127194652159	1.08184699136142
Zbtb8os	5.30308320278787	4.92625192876022	5.36689911855283	2.90034559591172	6.37080714973135	4.46460564633981
Fbp2	8.78721779458231	3.37202888042409	8.11011927156399	0	9.68464548222844	0
1600029D21Rik	0	0	0	0	6.26457221264438	0.0257768703989782
Ncoa4	7.62528427500743	5.38942417086118	6.92695473706318	10.0092872006507	7.83838098356209	7.0472918094215
Med31	7.88550058794629	8.67220168356518	7.90982628479536	7.41786855070851	6.05611371090175	8.12135788085227
Ptgr1	5.1232564988016	0.559799928402005	4.56776027734686	1.84262321397707	8.6668084431842	0.217194688385961
Cdk2ap2	5.67347123792651	5.38679713702865	5.76639170171655	7.64829826307396	5.33976700470945	7.41019366377414
Tmsb4x	0	0.112181904127912	0	4.41588926357808	7.34215074798543	5.34848730352977
Brp44l	10.0365410125985	10.3528526975623	9.91458848207946	6.68334325168454	8.55275419913518	9.58579843196939
Omt2b	0	6.65080356584177	0.765781574379288	12.110404634051	0	12.4544587569062
2810405K02Rik	0	0	0	0	6.32281032464129	0
Sarnp	7.37418839842015	5.91467649598919	6.99317122489975	4.33554386248209	8.26747313055945	4.99237450470574
Klf17	1.14668375210303	9.59345301634212	5.14774686410323	9.28769377074268	0	9.2910910322986
Rpl36a	8.52394343258223	7.42253691498195	7.88407496996775	2.40814046419376	8.73250135732175	6.01696333998169
Lsmd1	7.65659565502392	5.45283936267397	7.42885700682191	0.726142582646383	8.12435145720126	3.19179476368385
Vps29	6.663164027974	1.89833795250193	5.81414995833888	6.04467341502051	8.32614563309412	5.51900602899364
Cox19	6.31102586984841	6.13031218598236	5.90145457351179	2.94294904641426	6.24730257156347	0.413803175917065
0610009B22Rik	6.1846469175004	2.93402950698036	4.71973173103305	5.80424746881526	6.81289424190058	1.06527204127491
Ppt2	7.59201406833882	7.13790204865133	8.05972995305801	5.90796452250669	0.264080337295284	4.21072398595567
Impdh2	11.4172403520418	11.4177503382051	11.6596040224161	2.57230423936545	8.55331318244226	9.19046668268271
Sec11c	5.3598337936674	4.75008637077443	5.46489501520148	4.43883596894185	5.41473841791758	0.863909122641217
Zbed3	1.36147272024496	6.00897238713053	2.75806948527179	12.1367765926647	0	10.6588490949568
Mad2l2	6.26309803497914	8.10247682355132	6.8572847038247	5.5014196339695	6.07304032236108	5.54780468248765
Aimp1	7.6359063583133	5.87101952382099	7.5654666258241	1.97657112668651	7.57991871527615	0.503620975938322
Cndp2	7.26134031152098	6.32586802519055	7.22731913799694	0.0201029061972581	8.0282315444898	3.3172958301432
Tom1	7.99871857316372	6.58698241388957	7.27370346272769	4.7603401891312	7.7279867441424	3.26430769137233
Tpi1	3.04754553047922	0.391589135257908	4.76611694217214	6.30016218459903	7.48620234184293	5.71087002639237
Fkbp11	6.47806165307114	0.138110322576635	6.06096598334917	0	4.74422863401624	0.183016658113203
Clp1	6.32341184431263	7.66298155518426	7.28796732309942	0	4.24023379610073	7.66163683630373
Ceacam10	4.05814937387374	0	1.31722857486774	0	6.04060854056516	0
Cox7c	9.87767260653013	8.22056440177844	9.41936589547999	1.70762974183638	9.92477975282023	5.41188525530161
Snora70	5.80701077806462	6.03228316945356	6.11553722735402	0	5.20941462069894	4.77870848072997
Ormdl2	6.8218845201767	5.30293679555909	6.64858448385032	6.37254284249601	6.84956336384171	5.15655813997341
Nme1	9.81189621755403	8.45543586087894	9.75572580929671	2.73511585792814	9.84871324272525	4.24929475118642
Vps28	5.66508967842639	3.90799886697288	6.1508221161486	2.83660913990555	7.70412378267951	1.13215158270775
Cct6a	8.3387726018927	7.70688281633362	8.19151754881981	0	8.74505489250618	5.14184597310652
Snrpc	8.93526054878642	7.86451511671469	8.26097616067174	0.917260779912018	8.11964210212988	8.42826406542108
Gm11544	2.2450411426913	8.24603663120543	5.19186428139803	0.159802166742002	0	10.1271511453051
2810408I11Rik	5.18231976493272	2.7090595353909	3.98548428917124	6.78908520242225	5.53698915152779	6.35683226712439
Yif1a	6.36519588422895	6.56814052195015	6.3784706565557	0.263741060135103	7.05160831671208	0
Gm6654	8.59866219132425	7.70867940893947	8.54480714210012	0.968313508909249	8.27750730145503	7.19615676715936
Psat1	9.70424370787621	8.70306186966701	9.78981481763492	0	7.64332795941205	6.96213396391114
Trim43a	10.9864687459678	11.3723577556594	11.1421144700166	0	8.93048255750833	9.92686034484869
Khdc1c	7.68686778352437	8.48173088800153	7.98619846363631	8.8666367443027	3.62664076513743	8.47601739782622
Bex6	5.34783352891401	6.8703992165723	6.6476197094786	0	0	7.13781113145732
Nr2c2ap	4.51582089693443	5.66869451483724	4.55536523210054	4.58974724855608	4.99685607003708	5.95847802291224
BC053393	0	0	0	0	7.91337211444682	0
Gm5506	4.34681649487378	4.37394693321069	4.06802654368928	5.49559194504271	8.11622200820111	4.35803474274496
Cox17	8.79376341730208	5.69529659347842	8.03741902280506	1.20519234226054	8.9980943758756	3.3021694149897
Bglap2	0	0	0	7.5810110801486	0	4.97484394721279
Bud31	7.82982808246962	7.95927452333584	7.99147265374075	5.83880207848372	7.59950544630037	7.57390347533991
AA467197	5.57184298572834	0	5.26729271803146	0	9.54773020109583	0
Trappc1	6.03688590553471	0	5.34989073374445	5.74554598109894	7.43302551514109	2.2204257084778
Tpm4	7.13000245359941	4.28847243017897	7.17605081528218	1.20239938529256	8.36136288359981	1.69357718126222
2310040G24Rik	7.59413347517447	7.33369398554655	8.47084521603621	0	1.06623227624014	5.97789532246873
Zfp433	3.81647575516924	7.19764493616087	2.79857782363345	3.97517923469517	1.80005700180763	7.31233441812568
Gm3776	0	0	0	0	3.14076417554848	0
