bipolar	unknown	amacrine	muller	rods	cones
2010107E04Rik	1.20970987804089	0.434641087473352	0.435759301657711	0	0	0.747568814023339
2210016L21Rik	0	0	0.614052981415476	0	0	0
2700089E24Rik	0	0	0	0	0	0
2810008D09Rik	0	0	0	0	0	0
2900011O08Rik	0	0	0.423106137041466	0	0	0
4930447C04Rik	0	0	0	0	0	0.321394638052141
A530058N18Rik	0	0	0	0	0	0
A730046J19Rik	0	0	0	0	0	0
A930011O12Rik	0	0	0	0	0	0
Abca8a	0	0	0	1.04518031493455	0	0
Abcf1	0	0	0	0	0	0
Ablim1	0	0	0	0	0	0
Acin1	0	0	0.543915112296097	0	0	0
Acsl3	0	1.12524728944005	0	3.83648190071895	0	0
Adamts5	0	0	0	0	0	0
Adrb1	0	0	0	0	0	1.21851008334943
Aff4	0	0	0	0	0	0
Ahi1	0	0	0.268015332368562	0	0	0
Akap11	0	0	0	0	0	0
Akap9	0	0	0	0	0	0
Aldoc	0	0	0	1.52032120702446	0	0
Ank3	0	0	0	0	0	0
Ankrd12	0.792402690255522	0.7400208141637	0.650794216265456	0	1.1519892978513	0.972567893767534
Ankrd37	0	0	0	0	0	0
Anp32e	0.919099850473515	0	0	0	1.37773356812326	1.42089864915138
Apc	0	0	0.67109136274565	0	0	0
Apoe	0	1.15925059050862	0	4.79960874622259	0	0
App	0	0.926366095227286	0.882851411227368	0.792984030842789	0	0
Aqp4	0	0	0	1.87757846796469	0	0
Arid4a	0	0	0	0	0	0
Arid4b	0	0	0	0	0	0
Arid5b	0	0	0	0	0	0
Ash1l	0	0	0	0	0	0
Atp1b3	0	0	0	0.897990737989868	0	0
Atp2b1	2.17173883493454	1.58957080087457	0.71614391609233	0	0	1.33227889980703
Atp6v1d	0	0	0.50524196054334	0	0	0
Atrx	0	0.618426119036821	1.06209877800551	0	0	0
Auts2	0	0	0	0	0	0
B3galt2	1.37038873471849	0.93561776344137	0	0	0	0
BC005561	0	0	0	0	0	0
BC030499	0.937022033480736	0.574227857968594	0	0	0	0
BC033916	0	0	0	0	0	0
Baz1b	0	0	0	0	0	0
Baz2b	0	0	0	0	0	0
Bclaf1	0	0	0.444983560986155	0	0	0
Bhlhe23	0	0	0	0	0	0
Bod1l	0	0	0	0	0	0
Bptf	0	0	0	0	0	0
Btg2	0	0	0	0.749967638721263	0	0
Bzw2	0	0	0	0	0	0
Cabp1	0	0	0	0	0	0
Cabp2	0	0	0	0	0	0
Cabp5	1.40247472587828	0	0	0	0	0
Cacna2d3	0	0	0	0	0	0
Cacna2d4	0.867137322412799	0	0	0	0	0
Cadm1	0	0	0.451804012097752	1.4472817884643	0	0
Cadps	0	0	0	0	0	0
Calm1	3.98318126051832	2.20754907638711	3.37740321708834	1.3368644086392	1.39592868779162	2.14263033342044
Calr	0.603294590391515	0	0.950946702765453	0.607996154721966	0	0.783285310303899
Camk2b	0.757457717468173	0	0	0	0	0.904580717830912
Camk2n1	0	0	0	0	0	0
Camsap2	0	0	0	0	0	0
Car10	0	0	0	0	0	0
Car14	0	0	0	2.00518330405047	0	0
Car2	0.904043447847011	1.26740369132639	0	2.98732186921638	0	1.12222058624171
Car8	0	0	0	0	0	0
Casp7	0	0	0	0	0	0
Cav1	0	0	0	0.924994638436013	0	0
Cbx1	0	0	0	0	0	0
Cbx5	0	0	0.0954673965258005	0	0	0
Ccar1	0	0	0	0	0	0
Ccdc136	0	0	0	0	0	1.52473932195408
Ccdc186	0	0	0	0	0	0
Ccdc55	0	0	0	0	0	0
Ccdc88a	0	0	0	0	0	0
Cck	0	0	0	0	0	0
Ccng1	0	0	0	0	0	0
Cd63	0	0	0	1.04694827392175	0	0
Cd81	0	0	0	1.51252823658235	0	0
Cd9	0	0	0	1.92191435634161	0	0
Cdh11	0	0	0	0	0	0
Cdh2	0	0	0	1.07237235052534	0	0
Cdh8	0	0	0	0	0	0
Cdk11b	0	0	0	0	0	0
Cdkn1b	0	0	0	1.11102040318918	0	0
Celf4	0	0	1.64026448725412	0	0	0
Cep112	0	0	0	0	0	0
Cep290	0	0	0	0	0	0
Cers4	0	0	0	0	0	0.790907361597083
Cfap36	0	0	0	0	0	0.601208227920313
Cfdp1	0	0	0.33304364883623	0	0	0
Chd2	0	0	0	0	0	0
Chd4	0.757609111236019	0.878678753734474	0.834228023625213	0	0	0
Chd9	0	0	0	0	0	0
Chga	0	0	0.6411415552782	0	0	0
Chgb	1.52523654609719	0.598478554361859	1.08847082154713	0	0	1.5645585659958
Cited2	0	0	0	0	0	0
Cltb	0.913282194503965	0	0	0	0	1.07988148480853
Clu	0	1.03701151465323	0	3.24623272365305	0	1.03529475993931
Cnn3	0	0	0	0.98076581982228	0	0
Cntn4	0	0	0	0	0	0
Cntnap2	0	0	0	0	0	0
Col23a1	0	0	0	0.817331385014994	0	0
Col9a1	0	0	0	1.48282490007451	0	0
Cp	0	0	0	1.97730012721246	0	0
Cplx3	1.79833903341785	1.23005962024499	0.974116211780859	0	0	1.42014145900853
Cplx4	0	0	0	0	1.3894480992406	0.984733854925059
Crot	0	0	0	1.33095676663948	0	0
Cryab	0	0	0	0.971580106556866	0	0
Crym	0	0	0	1.51901630119159	0	0
Cspg5	0	0	0	1.0711324385825	0	0
Cst3	0	0	0	0.796322876080969	2.62392056676261	0.933834045657022
Ctsl	0	0	0	1.54898138439938	0	0
Cttnbp2	0	0	0	0	0	0
Cul5	0	0	0	0	0	0
Cwc22	0	0	0	0	0	0
Cxxc5	0	0	0	0	0	0
Cyr61	0	0	0	1.04753898140095	0	0
Dab1	0	0	0	0	0	0
Dapl1	0	0	0	1.46572363613219	0	0
Dbi	0	0	0	2.45192769057004	0	0
Ddx1	0	0	0	0	0	0
Ddx42	0	0	0	0	0	0
Ddx46	0	0	0	0	0	0
Dek	0	0	0	0	0	0.391568725182434
Dhx36	0	0	0	0	0	0
Dio2	0	0	0	0	0	0
Dkk3	0	0	0	3.16271828397141	0	0
Dmd	0	0	0	0	0	0.320207968719526
Dnaja1	0	0	0	0	0	0
Dnajc8	0	0	0	0	0	0
Dnm1l	0	0	0	0	0	0
Dst	0	0	0	0	0	0
Dusp1	0	0	0	0	0	0
Dusp4	0	0	0	0	0	0
E130114P18Rik	0	0	0	0.532717435015761	0	0
Egr1	0	0	0	1.65663180066831	0	0
Eif2s3y	0	0	0	0	0	0
Eif3a	0	0	0	0	0	0
Eif5b	0	0	0	0	0	0
Eml5	0	0	0	0	0	0
Eno1	0	0	0	1.71994299749361	0	0
Epb4.1l2	0	0	0	0.928661227053558	1.07798931047887	0
Epha5	0	0	0	0	0	0
Epha7	0	0	0	0	0	0
Eprs	0	0	0	0	0	0
Esf1	0	0	0	0	0	0
Espn	0	0	0	1.03991361310585	0	0
Ezh2	0	0	0	0	0	0
Fam13c	0	0	0	0	0	0
Fam168a	0	0	0	0	0	0
Fam171b	0	0	0	0	0	0
Fam184a	0	0	0	0	0	0
Fam184b	0	0	0	0	0	0
Fam19a3	0	0	0	0	0	0.276342415529372
Fbxw7	0	0	0	0	0	0
Fezf2	0	0	0	0	0	0
Fip1l1	0	0	0	0	0	0
Fkbp3	0.924538418783574	0	1.23235416997839	0	0	0
Flt1	0	0	0	0.913282194503965	0	0
Fmn1	0	0	0	0	0	0
Fos	0	0	0	2.25674425462656	0	0
Frg1	0	0	0	0	0	0
Frmd3	0	0	0	0	0	0
Fubp1	0	0	0	0	0	0
Fxyd1	0	0	0	1.14982954225537	0	0
Fyttd1	0	0	0	0	0	0
G3bp2	0	0	0	0	0	0
Gabra1	0.929121665690355	0	0	0	0	0
Gabrg2	0	0	0	0	0	0
Gabrr2	0	0	0	0	0	0
Gem	0	0	0	0	0	0
Gjd2	0	0	0	0	0	0
Glra1	0	0	0	0	0	0
Gls	0.738293411018259	0	0	0	0	0
Glul	0	1.08525677368864	0	4.50596006019615	0	0
Gm4792	0	0	0	0	0	0
Gnai2	0	0	0	1.40028537577296	0	0
Gnao1	2.03357441796824	1.26740369132639	1.00807317947144	0	0	0
Gnat2	0	0	0	0	0	3.13245022232621
Gnb3	1.24177581728974	0.786065018219362	0	0	0	2.24794010935192
Gng13	2.4905710742264	1.36892984915523	0	0	0	0
Gngt1	0	0	0	0	4.86934405523365	3.83578968028418
Gngt2	0	0	0	0	0	3.454128709614
Golga4	0	0	0	0	0	0
Golgb1	0	0	0	0	0	0
Gpm6a	0	0	0.726608862181548	1.65191444189844	0	0
Gpm6b	0	0	0	1.67445652720336	0	0
Gpr179	1.06345046804963	0.711733564618282	0	0	0	0
Gpr37	0	0	0	1.6219606821646	0	0
Gprasp1	0	0	0	0	0	0
Gria2	0	0	1.18467818536367	0	0	0
Grik1	0	0	0	0	0	0
Grm6	0.757306447403701	0	0	0	0	0
Gsg1	0	0	0	0	0	0
Gsk3b	0	0	0.475175837489881	0	0	0
Gucy1a3	0	0	0	0	0	0
Gucy1b3	0	0	0	0	0	0
Guk1	0	0	0	0	0	1.3228203121906
Hdgfrp3	0	0	0	0	0	0
Hes1	0	0	0	1.45495393295603	0	0
Hist1h2bc	0	0	0	0	0	0
Hlf	0	0	0.713892334116253	0	0	0
Hmgn5	0	0	0	0	0	0
Hnrnpm	0	0	0	0	0	0.276342415529372
Hook1	0	0	0	0	0	0
Hopx	0	0	0	0	0	0
Hp1bp3	0	0	0.654954885396878	0	0	0
Hspa12a	0	0	0	0	0	0
Hspa4	0	0	0	0	0	0
Hspa5	0.546771320263936	0.864548600343907	1.12319193365924	0.596425099495532	0	1.21251963862732
Htatsf1	0	0	0	0	0	0
Htra1	0	0	0	1.04283270364119	0	0
Id2	0	0	0	1.11842517597846	0	0
Id3	0	0	0	1.04107920159466	0	0
Ier2	0	0	0	0.877448970786928	0	0
Ift20	0	0	0	0	0	0
Igf1	0	0	0	0	0	0
Ik	0	0	0.501982007456597	0	0	0
Ina	0	0	0	0	0	0
Ing2	0	0	0	0	0	0
Isl1	1.59101219188294	1.09327346390879	0	0	0	0
Itm2c	1.0034576043776	0	1.05649497418048	0	0	0
Ivns1abp	0	0	0	0	0	0
Jun	0	0	0	2.34224729018755	0	0
Junb	0	0	0	0.917301660071987	0	0
Jund	0	0	0	0.922718183638243	0	0
Kcne2	0	0	0	0	0	1.58944080689135
Kcnma1	0.801385554718568	0	0	0	0	0
Kcnq1ot1	0	0	0	0	0	0
Kdr	0	0	0	1.18851660753827	0	0
Kif1b	0.771647137604733	0.882389516690928	0	0	1.34533036969593	0
Kif21a	0	0	0.708155349183982	0	0	0
Kif5b	0	0	0	0	0	0
Kif5c	0	0	0	0	0	0
Klhl5	0	0	0	0	0	0
Kmt2a	0	0	0	0	0	0
Kmt2e	0	0	0	0	0	0
Ktn1	0	0	0	0	0	1.00748617335007
Lbh	0	0	0	0	0	0
Ldb2	0	0	0	0	0	0
Ldha	0	0	0.353305595718098	0	1.36726663036123	1.29978504761035
Lect1	0	0	0	0	0	0
Lhx4	0	0	0	0	0	0
Lin7a	1.17557009370195	0	0.492833269636188	0	0	0
Lman1	0	0	0	0	0	0
Lmo4	0	0	0	0	0	0
Lpgat1	0	0	0	0	0	0
Lrtm1	1.45022222380822	0.958622502145517	0	0	0	0
Lsamp	0	0	0	0.700458733072636	0	0
Lyve1	0	0	0	0	0	0
Macf1	0.855126700616464	0	0	0	0	0
Map1b	0	0	0	0	1.36830563311977	1.54414175231497
Map4	1.30693058411649	0.560938309347273	0	0	0	0
Map7	0	0	0	0	0	0
Map7d2	0	0	0	0	0	0
Marcks	0	0	1.08354771190582	1.39268027794399	0	0
Meg3	1.9232005838567	1.46031726136718	2.88783291964963	0	0	0
Meis2	0	0	0	0	0	0
Mfge8	0	0	0	2.1850054734043	0	0
Mir124-2hg	1.48406302734769	1.06804573277786	0	0	1.36934633309438	1.03358452332465
Mphosph8	0	0	0	0	0	0
Mt1	0	0	0	1.06375544788393	0	0
Mt2	0	0	0	0	0	0
Mtdh	0	0	0	0	0	0
Mycbp2	0	0	0	0	0	0
Myo10	0	0	0	0	0	0
Myo5a	0	0	0	0	0	0
Nap1l5	1.14198280401252	0	1.02050698006559	0	0	0
Napb	0	0	0.336844329643451	0	0	0
Nars	0	0	0.543915112296097	0	0	0
Ncald	0	0	0	0	0	0
Ncam1	0	0.783786088766704	0.905245343384583	1.54762215750455	0	0
Ncl	1.25029062798425	1.08366817918547	1.30929601446351	0	0	1.48839712897468
Ncor1	0	0	0	0	0	0
Ndnf	0	0	0	0	0	0
Ndrg2	0	0	0	1.08557507779744	0	0
Neurod1	0.937960639713475	0.526430093178647	0	0	1.53018655266208	1.44728822701683
Neurod4	1.18391301399209	0	0	0	0	0
Nfia	0	0	0	0	0	0
Nipbl	0	0	0	0	0	0
Nktr	0	0	0	0	0	0
Nme1	1.59143314159203	0.878678753734474	0	0	0	0
Nnat	0	0	0	0	0	0
Nop58	0	0	0	0	0	0
Nrep	1.03527834773847	0.455204490648566	0.799545108453894	0	0	0
Nrsn1	0	0	0.546512934167544	0	0	0
Nrxn3	0.838390754532707	0	0.491119902358011	0	0	0
Nsd1	0	0	0	0	0	0
Nsf	1.14056820848313	0	0.774570085347646	0	0	0.454793186219997
Ntm	0	0	0	0	0	0
Ntng1	0	0	0	0	0	0
Nucks1	0	0	0.397308235612896	0	0	0
Nudt4	0	0	0	1.34083413353882	0	0
Ogfrl1	0	0	0	0	0	0
Otor	0	0	0	0	0	0
Otx2	1.3133259460352	0.86256811610915	0	0	0	0
Pafah1b1	0	0	0.717397131438846	0	0	0
Pak3	0	0	0	0.977683946276449	0	0
Pax6	0	0	1.23059640594452	0.821598896184304	0	0
Pbrm1	0	0	0	0	0	0
Pcdh17	0	0	0	0	0	0
Pcdh9	0	0	0	0	0	0
Pclo	0	0	0	0	0	0
Pcm1	0	0	0	0	0	0
Pcp2	3.32719961378803	1.95448184056597	0	0	0	0
Pcp4	2.20367776449316	0.382521319088365	0.357109860700094	0	0	0
Pcp4l1	0	0	0	0	0	0
Pdap1	0	0	0	0	0	0
Pdcd4	0	0	0	0.867736930544754	0	0
Pde1c	0	0	0	0	0	0
Pde6g	0	0	0	0	3.7633455395331	2.87292160438184
Pdpn	0	0	0	1.12696649765691	0	0
Pgm2l1	0	0	0	0	0	0
Phf14	0	0	0	0	0	0
Phf3	0	0	0	0	0	0
Phip	0	0	0	0	0	0
Phyhipl	0	0	0	0	0	0
Pik3r3	0	0	0	0	0	0
Platr17	0	0	0	0	0	0.458264360558797
Plcb4	0	0	0	0	0	0
Pnmal2	0	0	0.96327621950892	0	0	0
Pnn	1.34784226908775	1.24304518565716	1.1682797241979	0	0	1.3320415341137
Ppap2b	0	0	0	1.08748901467941	0	0
Ppig	0	0	0	0	0	0
Ppp2r5e	0	0	0	0	0	0
Ppp3ca	0	0	0	0.743792007230775	0	0
Prdm8	0	0	0	0	0	0
Prdx6	0	0	0	1.85932921056158	0	0
Prkca	0	0	0	0	0	0
Prkce	0	0	0	0	0	0
Prox1	1.13862917423877	0.625105820179552	0	0	0	0
Prpf38b	0	0	0	0	0	0
Prpf40a	0	0	0	0	0	0
Prpf4b	0	0	0	0	0	0
Prph2	0	0	0	0	3.64563063971702	2.04647779983646
Prrc2c	0	0	0.642725720376849	0	0	0
Ptn	0	0	0	2.04850592560906	0	0
Ptpra	0	0	0	0.787045864440328	0	0
Ptprd	0.743646264276605	0	0	0	0	0
Ptprr	0	0	0	0	0	0
Ptprz1	0	0	0	0	0	0
Pura	0	0	0	0	0	0
Purb	1.17783311020309	0.879912095071794	0.950946702765453	0	0	1.18515472701805
Pwwp2a	0	0	0	0	0	0
Qpct	1.1083531906991	0	0	0	0	0
Rabep1	0	0	0	0	0	0
Ralbp1	0	0	0	0	0	0
Rax	0	0	0	0.781520655665849	0	0
Rbbp6	0	0	0	0	0	0
Rbm25	0.97006648109806	1.03701151465323	0.856617384426263	0	0	0.178450770690625
Rd3l	0	0	0	0	0	0
Rdh10	0	0	0	0.978196194970951	0	0
Rdx	0	0	0	0	0	0
Rev3l	0	0	0	0	0	0
Rexo2	0	0	0	0	0	0
Rgs16	0	0	0	0	0	0
Rgs2	0	0	0	0	0	0
Rho	0	0	0	0	5.2894499030156	0
Rims2	0	0	0	0	0	0
Rlbp1	0	0	0	3.16588236695974	0	0
Rnd3	0	0	0	0	0	0
Rnf152	0	0	0	0	0	0
Rnpc3	0.742191747953952	0.276027904541733	0	0	0	0
Rock2	0	0	0	0	0	0
Rogdi	0	0	0	0	0	0
Rom1	0	0	0	0	2.86585730885704	1.13197801175778
Rora	0	0	0	0	0	0
Rorb	0	0	0	0	0	0
Rpa1	0	0	0	0	0	0
Rpgrip1	0	0	0	0	2.38009127977613	1.90242278478252
Rph3a	0	0	0	0	0	0
Rrbp1	0	0	0	0	0	0
Rrp1	0	0	0.905351652148446	0	0	0
Rsbn1l	0	0	0	0	0	0
Rsf1	0	0	0	0	0	0
Rsl1d1	0	0	0	0	0	0
Rsrc2	0.625105888214179	0	0.427160812410439	0	1.21533563523492	0
Rtf1	0	0	0	0	0	0
Rtn4	0	0.92045328278464	0	2.45690714350898	0.824109478750484	0.972567893767534
Rufy3	0	0	0	0	0	0
Runx1t1	0	0	0	0	0	0
Sag	0	0	0	0	4.84482964531768	3.50878075485295
Samsn1	0	0	0	0	0	0
Sat1	0	0	0	1.07392646804343	0	0
Scaf11	0	0	0	0	0	0
Scd2	0	0	0	1.16144781840282	0	0
Scg2	1.27213075904409	0.636570476717024	0	0	0	0
Scg3	0.57405585945622	0	0	0	0	1.46297162273609
Scgn	0	0	0	0	0	0
Sebox	0	0	0	0	0	0
Senp6	0	0	0	0	0	0
Sept7	0	0	0.91220693070161	0.60877085052675	0	0
Serbp1	1.08573432760523	0.742336908835186	1.2483261856556	0	0	0.915475745613257
Sf3b1	0	0	0	0	0	0
Six3	0	0	0	0	0	0
Six3os1	0	0	0	1.33193749102842	0	0
Slc1a3	0	0	0	2.36173039029395	0	0
Slc24a3	0	0	0	0	0	0
Slc6a6	0.705003105751982	0.875000016867381	0	0	1.30504842313787	1.0895835206609
Slit2	0	0	0	0	0	0
Slitrk2	0	0	0	0.879912095071794	0	0
Slitrk6	0	0	0	0	0	0
Slk	0	0	0	0	0	0
Slmap	0	0	0	1.04694827392175	0	0
Sltm	0	0	0	0	0	0
Smarca2	0	0	0	0	0	0
Smc1a	0	0	0	0	0	0
Smc3	0	0	0	0	0	0
Smc5	0	0	0	0	0	0
Snap25	1.66456076131157	1.11235906562964	1.60730636425946	0	1.17557009370195	1.32376867539248
Sncb	1.05528198726237	0	1.32341620634141	0	0	0
Snhg11	0	0	2.39148350992932	0	0	0
Snw1	0	0	0	0	0	0
Sox2	0	0	0	0	0	0
Sox4	0	0	0	0	0	0
Spag9	0	0	0	0	0	0
Sparc	0	0	0	2.7826406864209	0	0
Spc25	0	0	0	2.35371268679989	0	0
Sphkap	0	0	0	0	0	0
Spon1	0	0	0	1.08366817918547	0	0
Srpk2	0	0	0	0	0	0
Srrm1	0	0	0.500972264346946	0	0	0
Srrm3	0	0	0	0	0	0
Ssb	0	0	0.403294455924102	0	0	0
St13	0	0	0.487836910112756	0	0	0.450071396625594
St18	0	0	0	0	0	0
Strbp	0	0	0	0	0	0
Strip2	0	0	0	0	0	0
Supt16	0	0	0	0	0	0
Syne1	0	0	0	0	0	0
Synpr	0	0	0.535280946854233	1.04576894196118	0	0
Syt1	1.72878070439785	1.28653993785365	2.59048071591277	0	1.04518031493455	1.34438613038899
Syt4	0	0	0	0	0	0
Tax1bp1	0	0.87378081453811	0.970472974234364	0.865741392686713	2.45192769057004	1.90988228370083
Tceal5	0	0	0	0	0	0
Tceal6	0	0	0	0	0	0
Tcf4	0	0.445919897452308	0	1.02500481901768	0	0
Tgfb2	0	0	0	1.15852012562647	0	0
Thoc2	0	0	0	0	0	0
Thoc7	0	0	0	0	0	0
Thsd7a	0	0	0	0	0	0
Timp3	0	0	0	1.22923170834318	0	0
Tm9sf3	0	0	0	0	0	0
Tmem215	0	0	0	0	0	0
Tmsb10	0.603104128802188	0	0	0	0	1.12050800249874
Tmsb4x	0	0	0	0	0	0
Tnnt1	0	0	0	0	0	0
Tnrc6a	0	0	0	0	0	0
Top1	0	0	0	0	0	0
Top2b	0	0	0	0	0	0
Tpbg	0	0	0	0	0	0
Tpr	0	0	0	0	0	0
Trip11	0	0	0	0	0	0
Trnp1	1.06071294010797	0	0	0	0	0
Trpm1	2.4960198645063	1.51446830352109	0	0	0	0
Tsc22d4	0	0	0	1.29943648645953	0	0
Tspan7	0	0	0.926369871053379	1.29595509086775	0	0.775515399071683
Ttc1	0	0	0	0	0	0
Ttc14	0	0	0.40104724524321	0	0	0
Ttc3	1.33193749102842	1.12353358061669	2.17252019579093	0	0	0
Tubb2a	0	0	1.05848287032321	0	0	0
Tulp1	0	0	0	0	3.02869257308954	2.776455988945
U2surp	0	0	0	0	0	0
Ube2k	0	0	0.184561924857333	0	0	0
Ube3a	0	0	0	0	0	0
Ubxn4	0	0	0	0	0	0
Ufl1	0	0	0	0	0	0
Unc13c	0	0	0	0	0	0
Upf3b	0	0	0	0	1.05408298534905	0.71220070852803
Uri1	0	0	0	0	0	0
Usp2	0	0	0	0	0	0
Usp34	0	0	0	0	0	0
Utp14b	0	0	0	1.13669700172201	0	0
Vim	0	0	0	1.0034576043776	0	0
Vstm2b	0	0	0	0	0	0
Vsx1	0	0	0	0	0	0
Wbp4	0	0	0	0	0	0
Wipi1	0	0	0	0.777348813312879	0	0
Xist	0	0	0	0	0	1.21347594097293
Xrn2	0	0	0	0	0	0
Ythdc1	0	0	0	0	0	0
Zbtb20	0	0	0	0	0	0
Zbtb38	0	0	0	0	0	0
Zc3h13	0	0	0	0	0	0
Zcchc11	0	0	0	0	0	0
Zeb2	0	0	0	0	0	0
Zfhx4	0	0	0	0	0	0
Zfml	0	0	0	0	0	0
Zfp106	0	0	0	0	0	0
Zfp148	0	0	0	0	0	0
Zfp292	0	0	0	0	0	0
Zfp365	0.897132886554736	0	0	0	0	0
Zfp36l1	0	0	0	0.802746772237206	0	0
Zfp385b	0	0	0	0	0	0
Zfp608	0	0	0	0	0	0
Zfp91	0	0	0	0	0	0
Zfr	0	0	0.794987485039708	0	0	0
Zranb2	0	0	0.388632680998036	0	0	0
mt-Rnr1	0.770235104581094	1.06375544788393	1.05238023120752	0	0	1.26483633193267
