2338	2339	K562	BJ	HL60	hiPSC	Kera	GW21+3	GW21	NPC	GW16
ABRACL	8.48823552165665	8.40994244940016	3.61765099974182	8.34784279363816	8.78556751428672	9.337926668099	8.27082659609487	3.46074256378964	2.25096157353322	7.28290308333826	0
ACAT2	6.64948240036145	7.81576753632741	8.62324993938517	7.14128972420746	5.41166928847306	8.71250652141806	10.489721809594	0	7.56719556140687	8.57844817375714	1.47993143521125
ACTL6A	7.28672242227735	7.87571863911783	8.03595111348917	6.85449441815488	6.30175699467208	7.72260017112402	6.70392979699876	0	0.799087306074004	6.25134038278862	0
ADSL	5.73051804148876	6.98811658476014	8.01964690515799	6.98185265328974	8.39161433187905	8.77114200703869	7.22694059347942	0	0	7.13842540637337	0
AGTRAP	6.41424349873012	0	7.34769965929901	7.02680005934372	3.99257031123636	7.03214160990094	7.23229418855272	0	0	3.66448284036468	0
AIMP2	5.48637360674682	7.63553675191785	7.25644407501892	6.44774448211255	2.06611155847248	6.9641379473842	7.47974431150192	0	6.73701067768181	3.43829285157915	0
AKR1A1	7.12733597359825	7.93969674069176	7.89741239768739	7.83168726708308	5.50707790191539	8.99556348648154	7.47657477026253	5.84624256510951	5.97544676564096	7.9386386584728	1.23260850700155
AKR1B1	0	7.65219964830406	0	7.86486708459311	0	8.52828800807231	7.19863857095643	7.41074812818595	8.28202272727295	7.77932539144874	0
ALG5	5.57314260000023	6.99582367063417	6.18377786874577	7.58044701959866	2.99787566247461	5.90728370302301	7.38286353590879	0	0.464668267003444	2.74631276642546	0
ANAPC13	6.75398729714092	5.03033607837096	7.15135046689135	8.30437413990969	4.15831952475446	5.32594148756207	7.61161503580654	0	7.88386515450979	8.31872355891722	0
ANAPC15	7.77670096007388	4.84096670448742	7.41303507888782	7.268284666521	3.55116004566232	7.44404030776071	8.41533983479528	0	0	2.84398384404833	0
ANXA1	10.1906469847505	0	9.08037360162996	11.1766905312091	0	0	11.3966041154421	0.879705766282288	4.9518675043269	0	0
ANXA2	11.2959251230736	8.9710549091418	9.85708556876003	12.8096837346101	2.23602289859022	8.6082906528077	13.5330041883607	0	4.79233480570669	9.2028829372607	1.68028046521442
ANXA5	8.43703113896774	7.89445401282296	7.36238409441746	11.1299140579952	1.87710704366769	8.80927148504597	10.2727370777992	0.871843648509318	1.74416109557041	6.29627384670672	1.02617316573944
ANXA7	7.68147287226697	7.63481105017172	7.88785794973679	7.63284983011771	3.57629554862587	6.71319481760387	8.17739466358213	7.06619685024969	1.29278174922785	0.722466024471091	0
APOBEC3C	0	7.56384452881757	8.51284480734602	7.57288966842058	0	6.1796586729191	6.96391786398787	0	0	0	0
APRT	9.35919884332072	8.78764141448333	9.06616710140379	7.19485532853859	7.20191201509709	9.27375544401781	7.69025139849142	0	0	7.89172295688508	0
ARHGDIB	9.29827157099119	10.5585737762406	6.71946344551856	0	11.6414947714189	0	8.61770820855582	0	0	0	0
ARL2	5.77241268557183	7.96872438466209	7.14331022971853	6.33574763429973	4.16667765034839	8.12004582458882	5.91431658413292	0	0	6.76354436429392	0
ARPC3	9.74816375419755	9.5901004559184	9.36894820752349	10.0240037890908	8.98969066120188	8.85539429679013	10.0589754790263	8.74651432113846	6.05202456048283	8.18050594379476	1.37405884664278
ATOX1	6.84773685249093	7.52042224852645	8.21367845308301	8.97099741063472	8.45812471517418	7.74710725753054	9.00442319006817	7.70064778415221	7.8414070971946	7.53519760120684	0
ATP5C1	9.15173126078482	9.29675564364768	10.0164719401858	9.65501186785448	5.76682313638224	9.55189057594148	9.74642439493769	9.50817111862435	9.39506279951758	8.81352468929781	3.42354747013028
ATP5G1	8.37832758998553	9.78974555071248	9.61870525113009	9.4920133868738	9.21114451520662	8.87888700899489	9.31173532828303	8.73626661945917	8.0837984135262	7.20886837067295	0
ATP5H	9.21032439629381	8.85143673596167	8.99883151370468	9.70816998870261	8.6570890519089	8.91957505434942	9.18963291152948	8.56555909746317	6.31288295528436	8.36273287432728	1.9455686155097
ATP5I	8.64996681370959	8.99856222428797	10.2736030249062	9.59885274123471	11.0453422990212	9.89863419799662	9.65252886877137	8.84376405743275	8.61135683723691	9.13883494297137	7.69741676498537
ATP5J	9.56336607508779	9.41751500288509	9.92154063561465	9.52575569282949	9.48022803031059	8.99840599887286	8.71198745714173	8.60399717008549	8.42362018735041	8.76042056757804	8.24914964150172
ATP6V0B	8.45605393139278	7.67270819562222	8.7008323354298	8.49533540325038	9.14377405855694	7.77352345923337	8.58828335182728	8.42084447891784	6.07360604057494	4.17312743348066	1.62947048405275
ATP6V0E1	9.39413679984265	9.13445199072281	8.60361073193204	10.7709694113176	8.19779140677473	8.13328775659044	9.33885788966921	1.09085343045111	3.46727948045998	4.99503219247754	0.447651310666653
ATP6V1D	6.733068700549	4.92076967302065	5.77659756212326	8.44120126061824	0	6.54119891577975	7.53864716853682	8.11717554569216	7.53962412155905	4.61882595258744	0
ATP6V1F	8.97004203461727	8.72819263549805	10.6078434516453	8.50890397900067	6.14685854364446	8.33036950553311	8.66821133127062	8.15517241169343	9.19979501777049	7.81621568762287	6.75038024148767
ATPIF1	9.70037707436538	9.96361861744397	10.5625257316301	9.09450000483505	7.652912889623	9.86711982756197	8.84101312190395	7.96457191155972	6.48252564076792	8.79837459209684	1.10324347219631
ATRAID	8.33987284217105	7.28456965461433	7.31292530870491	8.14908657973822	5.01110344403415	8.07702389688661	7.65646013312359	0	0	8.22684565872765	0
AURKB	0.211116500341524	7.77985065247157	6.8939654219261	6.52042224852645	0.568751761874968	7.6377489992929	7.38950093032937	0	0	8.83108551731799	0
B2M	14.2373954914577	13.9609340956471	10.7347422084376	12.5368834156286	12.2818466296622	8.25753987541221	11.7422213130313	6.28206907519813	12.6872860043363	7.71066869967463	3.18099381199096
BCAP31	8.92362260432	6.8332696208084	8.71197557533292	7.89935692292311	9.1176602145332	7.69497171338353	8.55136718772236	6.12928301694497	0	1.62760683812965	0.311465175460088
BCAS2	7.37805786906193	6.57273811686407	7.60548596740443	7.62775273437702	1.93537469348713	7.32239560197274	7.40965568199311	1.30451104180995	0.748461233004036	6.22612314312524	3.59323146047089
BEX1	0	0	0	1.43295940727611	5.96780048029161	7.1891037548947	0	9.36859376265085	9.13329636570058	4.27202318906105	6.90657380440171
BEX4	1.83403686382623	0	7.70175028094713	6.4715126480455	0	6.40624582359697	3.3243010277038	7.89796643164945	0	7.05017516041092	2.51180510759132
BIRC5	7.21980656950297	6.21994291395413	7.9825428534442	7.92100780045222	6.58082513902749	8.10316089254575	8.49835266968566	1.23266075679027	0	9.53356334821451	0
BLOC1S1	6.38260533356727	7.3710360522997	6.67748508181714	7.43812647955095	2.85278163728316	6.88169852492074	7.0245678937699	6.6246858105254	8.74443022998792	6.66689858244059	0
BLVRA	6.18317763781417	0	7.12080464656789	6.96266469300056	0	5.65892541965588	6.63721784840909	6.58345891013077	5.36667191611176	0	0
BLVRB	9.39275758944089	6.30870307128211	9.43745238903417	6.6906964439777	0	6.19643178151183	5.86319445252288	0	0	0	0
BOLA3	7.36690668619764	7.03364324351038	7.61561438612187	7.25616150230877	5.02314334396578	7.36717470474602	8.20418420259647	2.22032995487956	0	6.67849450777373	0
BRIX1	8.17465793421373	6.87024140704511	8.50616104905225	7.63546419816788	7.31184068424045	7.47050620956123	7.21099915078177	0	0	4.46074256378964	0
BRK1	8.02287928899805	8.29186136958522	9.0569860376083	8.99186193055632	6.27641311468774	8.00812160715857	8.56361545069963	9.5270077606372	5.12722055048807	8.25200305974414	1.0703893278914
BST2	9.25217915828605	9.19805208375945	7.69939433763488	0	0	6.00470912225243	0	0	0	0	0
BUB3	7.99833678114558	8.48244496891726	8.90148917916401	8.95020593362445	7.99926622905911	9.35322035546284	8.760171598135	7.98567119375906	7.0666274090952	9.09563437539421	0
C11orf10	8.93582282823288	9.85563159449109	9.53542613615483	9.12830371300865	10.0337449235256	10.0365336064371	9.52786972099798	8.47524704728784	8.42714520098445	10.2028829372607	6.30396500864825
C11orf67	7.15680350663749	0	5.38946003555558	7.81435815384856	0	6.41881514912165	4.94240159076308	0	0	3.52481592835751	0
C11orf73	6.79652770601012	6.26603689399532	6.85596898480046	7.41878026595992	2.63658075655936	7.48669397679865	7.2584931356151	7.52057939628989	0	4.42290574261218	0.521322168704247
C12orf45	7.38380055538523	6.95116812883891	7.22476140761278	6.6979405826171	6.30869525363087	8.1917167627634	7.39522984416488	0	0	4.72027846523333	0
C12orf57	7.80778923295095	7.5298209465287	7.15839974678554	7.36404708360732	0	7.22893170237226	6.69693571378256	8.57973077062517	7.70376517879341	7.99599321661899	3.41758307861023
C14orf166	8.59597424011094	8.53476976146657	7.32907451652989	9.09029770804577	5.55624418886851	9.71067383233973	8.21718113405922	7.65248649491816	6.43195718768673	8.37029507989123	1.17316644316189
C16orf80	7.46211534659305	0	6.63292242574659	6.81249822533356	0.884885869624724	6.67476546391046	6.36194760168321	4.79441586635011	5.18189764310839	5.83869970177424	2.55742295011442
C17orf61	6.97450698151238	6.26716121802226	5.40735211035263	6.13216552547809	0	7.94642250289899	6.70008446572859	0	0	5.82603995889619	0
C19orf48	5.54482769177577	7.81890167588564	8.38100476854364	5.49024921062709	6.5932413030251	7.1243587509411	7.12111477343108	0	0	8.02552718257317	0.470553155473216
C19orf53	7.15158038914832	7.57213175138666	8.00379629204689	8.25719924277855	7.18675799121239	7.29646301189871	8.05844996265299	5.25209770303744	5.13463167144765	7.04788732939655	0
C1orf31	7.81070832791584	6.98527271425345	8.08764081421221	6.41970742081027	4.80115772806954	6.79498822089165	6.97479769528235	0	0	6.69125497865014	0
C7orf59	8.27840668349712	8.0464692327619	8.71865144147942	7.93646127165036	8.04975146582257	9.11740021919094	8.4287132407056	2.39231742277876	6.27127625917593	6.85237344958027	1.50555099637078
CAV1	3.47798533224091	0	0	9.23062093312987	0	0	10.2921509298031	0	0	0	0
CCDC12	6.51293722344623	6.47411151394241	7.68114764594987	5.22303633790187	4.71573292290673	6.65516843412506	6.79342120722618	4.84096670448742	0	5.78659636189081	0
CCDC167	7.0945507199333	8.14343423678486	6.69898638312315	6.63604452602804	5.32063753241042	4.87185492317837	6.02429247878652	6.03518399661834	0	8.45088131527337	0
CCNB1	6.43764588320166	5.27537959625362	8.97417278500291	7.49553528064453	2.62067413592824	8.05847420699257	9.22844472817451	0.475084882948783	0	9.13952577247271	0
CCNB1IP1	5.79054637622504	3.32912359629157	6.25181305581377	3.93262815702213	3.04550608448574	8.57575723451536	5.95780489087401	0	0	7.76188361236552	0
CCNB2	6.33143115820448	5.1168637576909	8.45577741245803	7.74597677931644	5.35215886330832	8.00270344588681	8.13701654560138	0	0	9.7974021416314	0
CCNG1	2.18925581162686	7.4771915989122	7.77518201033953	5.57319272378161	1.5382795475658	8.54029176014018	6.02526020152974	0	0.475084882948783	9.10658911154611	0
CD44	7.48673501084737	6.19672506078603	0	10.9903876518027	0	0	9.05276396774671	0	3.27649666564036	0	0
CD63	9.89998600319888	8.1647561144337	9.69793941479073	11.6421690538335	7.89940663840847	9.33491277345882	9.79280263570196	6.97407036702403	10.3977494928688	8.34318571544788	2.86778545808529
CD9	8.39861654561753	0	0	8.08799314636232	0	8.52741012146076	9.00303534888051	0	0.790772037862	0	0
CDC123	6.83396854229981	8.24260250592898	8.93701963393268	8.39240329492788	6.09909346471513	9.07859377089967	8.74837327079969	4.72683121703249	5.04045412134962	8.27276973243651	0.897675682583279
CDC20	1.79091061081325	1.30451104180995	5.84468391685085	5.05701696536554	5.25926904475856	6.01353141538856	7.59946540128359	0	0	8.33060321466281	0
CDC26	6.13914101715856	6.28021399581062	6.31405724670812	7.20408201217437	0	7.27314790627143	7.60256647425977	0	0	5.35191096110308	0
CDCA3	0	2.51096191927738	6.27948057216346	6.61838550225861	0	2.03119903189924	5.54734058412851	0	0	7.14333218939023	0
CDK1	2.47098508324136	7.09971599916091	8.78038478164223	8.5281024293024	5.39311847507701	6.97393499827708	7.75093841368935	0	0	9.20408201217437	0
CDK7	6.94397800031398	0	6.39111451185326	7.01457846492289	0	7.21715088005007	7.5049772489316	2.22032995487956	0	2.18586654531133	0
CDKN3	8.46500517460992	7.00337736020232	6.10292540778385	8.2665054688284	0	7.13857397418528	8.43321062137606	0	0	7.83251030761145	0
CENPW	7.60379226524482	7.63197732023875	8.15129191019729	8.24859175953591	8.24347904811695	8.0647687283438	8.02670204129729	0	0	8.20026107981327	0
CHCHD3	6.72437726031676	7.54024430213427	8.73852042808715	7.08544590219427	6.27161365044588	7.12016763057058	6.22663788956677	0.992768430768924	0	0.495695162624069	0
CHCHD8	8.00720207374143	7.45294130797121	8.42965474664096	7.03913839390696	6.6213779075461	8.14405805948288	7.33654700403931	0	0	4.52105073690096	0
CHMP2A	8.02029378148124	7.95808865848008	7.19047947082596	7.56742375770728	7.78117758307347	7.62456794360886	7.00810914308484	7.42433427845975	8.44770316249688	5.15421053058834	2.15566436299779
CHMP5	7.5277625324052	4.09254574154357	6.06745314151492	8.04417551263921	0	7.17857859438513	7.22818214915279	7.73545448168425	4.83289001416474	7.72601374886015	1.57498734080969
CIB1	7.17765371472994	7.3389591754152	6.58469369859937	6.61706334388818	6.02886646736801	2.27325587388578	6.87524806735561	0	0	0	0
CINP	6.83978296645427	7.22226360352835	6.8707849274057	6.75448669787116	0.95584579093617	7.11216941202716	7.01584952460269	0	0	0	0
CKB	0	0	9.20684460353031	7.82718389581953	0	8.5066969844285	0	9.74478339273509	9.38530160300462	10.4214442318107	8.38086338682012
CKS1B	10.0151068991829	8.57004542413819	9.52878997136057	9.0961353249095	8.27701152609427	10.0433545032442	9.67768192149265	0	0	10.1606782132205	0
CKS2	8.45493253963079	9.47965902405753	8.9744635182875	9.82494283421106	9.42757959397202	10.1138212485634	9.74917147430883	0	0	11.2874873015665	0.996384215384462
CLIC1	9.5005869841776	8.94406779156827	11.0817134438603	10.0077421281149	9.25793579307946	8.78530117615169	10.2164094514957	0	6.58285703484424	8.37134104800584	0
CMC2	7.97368079031597	7.69731512171625	8.06591354750877	8.24944534108584	3.60783735710781	6.91278109803745	7.32489439020704	1.21412480535285	0	6.06673502873203	0
CNIH	8.92090030910966	6.52497259828663	7.36320685310118	8.81778312177453	0	7.65831355034127	8.18761219011004	0.739848102699327	0.713695814843359	7.34651373316564	0
CNIH4	9.33677611033167	6.39780296186249	7.76384413470958	8.58240546354078	6.00739586811123	8.95066516260454	8.56328355532735	0	0	8.34331898366107	0
CNN3	7.37128531359949	2.67581593117227	0	7.80767691626514	0	7.59354651030353	7.66895134645702	7.13000418418862	8.0047822634596	9.09360242879573	8.71316805558309
COA3	8.6537947324797	7.60584986719498	7.82202895250742	8.01775491974071	6.32989262312581	8.0230008686811	8.68998426404121	8.83829000190733	0.687060688339892	8.38309944322815	3.95766573443132
COMMD1	5.90518748891362	6.5186924924252	6.05176612946668	8.07274895156064	6.01825702420664	6.64214601319716	7.02990363125598	5.65420637794429	0	0	0
COMMD3	7.28562083086117	7.20388631290103	7.65334242119447	7.73152269124339	0	0	6.5341947721153	7.2881739681123	0	2.51853513898218	0
COMMD4	5.38597760822123	5.66391384211598	7.08247691617627	6.78764141448333	0	6.42336163160135	6.73869113345303	0	0	6.62600100488014	0
COPS3	7.17180981242618	7.90797221133397	8.04280343161692	7.60407132366886	2.34889802787194	7.7708995401794	7.95801412004508	5.22380865860602	0	4.91025296279928	0
COPS5	6.28393194222345	7.61065577440193	8.02519478992416	7.52927436760915	5.92720655343505	7.04581101683226	6.71199245183228	5.79467578798686	0	6.01033228328482	0
COPS6	8.23695815875379	6.90267658665114	8.27141551520879	8.4643415327611	6.45394149497418	8.62978275741156	8.76279620875736	7.38188898345605	2.114367024952	8.03199060858887	1.79863447527631
COX14	7.27032776976867	6.95686979831631	7.64882320038029	7.64002797328624	7.10779233278209	6.77228501387669	7.14462558695193	0	0	4.82578562746479	0
COX17	8.30217106935014	9.10105646413834	7.26270750052687	8.03028089467172	8.54870616746407	8.12376319675349	7.70703909762142	4.64154602908752	0	7.33208131710197	0
COX6B1	9.75522666010968	9.57391222522777	10.2709668699781	9.89401435858769	9.95064818140284	9.38858803923133	9.49021697684924	8.59712142878957	9.36911745859982	9.30183910867292	4.64334818228071
COX7A2L	8.70078772720895	7.874919889687	8.21807821063939	8.61768784744864	8.01547718542688	8.4019988645636	8.25913111341391	8.87756022098761	5.5978290978269	8.29806256771902	3.17380448387965
COX7B	10.3547307812969	9.48689534204587	10.7854968995143	9.94079808511284	10.2385154791599	9.71408175646317	9.70509535451866	8.73165844875181	9.61358690212965	8.79103261675567	5.62516795308486
COX8A	9.67961577731997	9.57144928545356	9.95381987505711	9.21708527592205	8.59887684098657	9.1468353845213	9.66599143650391	8.67546311636019	0	9.14455628198228	4.2825796068331
CSNK2B	8.69093071785237	8.70099449416827	10.0885501972988	8.51285895444998	7.72264665634634	8.52829353216267	8.75222219778249	8.06096607400477	7.99044438269836	7.53644150496738	3.86571111123106
CSRP2	0	0	0	7.32030414932561	0	9.20549635843351	7.74298083142907	11.7142068735314	8.91324846871513	9.86381458735964	1.29647366038092
CSTB	7.41826209713486	6.25946081613399	7.08066346250205	8.20084957463721	0.399543653037002	7.43717917496624	7.96880489189744	1.64616265715789	0	6.28132732965948	0
CTTN	10.0158749687265	0	6.83010250170527	7.35279382940117	0	8.97922794606019	9.4918219523409	8.73365938954936	9.62305842540567	5.46956042171122	8.60080018651853
CUTA	8.04542169131223	7.22236021796273	9.20073841011073	8.89245174412392	7.77757123299827	8.63744558151961	8.28169680807926	4.81608765860021	4.30961277245412	8.79646148269895	0
CYB5A	7.57069165897699	5.7899900186681	5.34112581631576	7.56970373770173	0	8.68822252576259	5.38357909526422	1.32192809488736	0	1.27500704749987	0
CYSTM1	7.9219501449159	7.50279203246297	8.81784608133329	8.34456222703313	0	7.10391885374988	6.32425833709294	0	1.36737106564853	3.32768736417605	0
DAD1	10.3198109194815	9.71168417912711	8.39119489582951	10.7975885787547	9.32810088985073	9.32151845185487	9.7044211397609	9.00430474983716	5.4591036961354	8.74274731558099	2.76883440417569
DANCR	5.49732366033924	7.00067610485072	9.93696283994075	6.72027846523333	7.24463443314098	10.0705591004783	7.69738246074833	7.65835431677408	0	5.65563804923464	0
DBI	9.60791441090569	10.7621079255304	8.64483879129249	10.5606385385185	9.48150320387996	10.0087883978521	10.8051743417288	4.23802251782572	9.14241343787374	9.49279454834642	6.73226636616316
DCTPP1	6.11536118124638	6.81211311298331	7.64776672394466	6.01725383896894	6.93749709793954	5.99631955613622	7.35155991248116	0	0	2.92409988564074	0
DDX39A	6.00400983606248	6.96220195703608	8.6638250446835	6.77135740899056	7.13190460009239	6.43378038182834	7.91553967008188	0	0	4.7311832415722	0
DDX47	5.99676506162166	7.63146811235315	7.28045000379892	7.2769618560616	5.28471103514293	7.41165475758299	7.99254119183187	0.863938450423971	0.641546029087524	5.6055535954944	0.701770208872626
DECR1	8.00963838408511	6.67299099382775	7.68153439803152	7.91402628254554	0	4.61338671172408	6.83479653236942	0	0	2.66448284036468	0
DEF8	7.32525984451253	0.941106310946431	7.13509994174463	6.91552090075196	0	5.99582313480724	7.00488453324372	0	4.95791459863299	0.739848102699327	0
DERL2	5.70565226295476	7.32210842049736	5.80693194949381	8.16259273808864	0	6.08778749936447	7.11055308648378	0	0	3.17791779219584	0
DGUOK	7.5190772703491	7.41498114290309	8.0692468579387	7.67630972700068	7.45758762923953	8.16461069993462	8.28078245079291	8.14016513459945	7.04286317624712	6.8903250848035	0
DKC1	7.79023755284363	7.57705110973515	8.61321075533297	5.66448284036468	7.8669643568685	7.34306035961931	7.82807775300471	0	0.150559676575381	2.50589092972996	0
DKK1	0	0	0	10.1599217797791	0	0	8.5749490887335	0	0	0	0
DNAJC9	5.76697560654068	7.24659810305712	8.77722957838635	7.23601419190009	4.37599208228517	4.16755402061634	7.67935334404832	1.15055967657538	0	7.02657877012771	0
DPM1	6.63023392089944	6.87946072253802	7.51190950144112	6.46711641800817	4.18434598506136	6.68686569808656	7.2089466900603	0	3.90881290773955	1.97452931248388	0
DPY30	7.89505933683207	7.56247140526129	7.84771266354021	8.045213599665	6.36770095480955	8.85666087612175	8.23901815374208	7.60102789702112	5.52669484554198	7.73220135107381	0
DPYSL2	1.10908059354758	4.99593670350459	1.25087242473246	8.73084371201358	0	9.5826530849531	8.41453293970711	12.6576176772716	11.6887529789146	10.0700135771298	11.7207484189055
DYNLL1	9.55073312209825	9.57635207006782	9.99932364081124	11.1663765204313	9.10558994368621	10.0024116175468	10.9998564304363	10.7857630432908	10.5313327199957	10.3195140705797	6.18144712899404
DYNLRB1	7.77945865380442	7.10956950937069	7.79799869635947	9.09230788021272	5.69699652279564	7.36078804191599	8.27246111492075	8.52238536631593	9.19135537472995	6.35931031689044	3.26645456415813
DYNLT1	9.7603069369269	8.54878338471235	8.77800438325814	9.61871585261098	0	8.8479589005303	9.24850016593964	9.794302135907	9.31870096650378	9.2803068064537	7.94164563796288
EBNA1BP2	7.67448391028401	8.14725581275871	8.21708105036691	7.88233736124948	8.2386401883858	6.44452336349492	8.59641330412148	0	3.69041709553247	1.17632277264046	0
EBP	9.25366886856656	9.11191811355546	8.95543195244781	7.39420543035888	9.17966389676333	8.68117209502627	10.7248447338816	8.89717990857398	0.594548549550354	6.85162412734689	0
ECI2	0	3.21101219348551	8.54053474821038	8.77412814429358	0	6.78024663270052	7.11727672457399	0	0.27500704749987	7.96382088399119	0
EDF1	8.81141845327409	8.64778218701602	8.30490082526836	8.98683753671616	7.18222859331344	8.04799871023913	8.27471752647682	8.05961485629722	5.00988458893184	8.47467939233623	6.55023187062743
EEF1B2	8.9247191666888	10.8354662136592	10.2819198324993	10.0732713007788	11.0141544882924	10.5124765350533	10.4899555209838	9.38255918489123	9.06853646525626	10.5027522597628	5.2661236525321
EEF1E1	9.10187738954527	7.14567745519564	9.65163491328786	7.97332426912449	7.76810293256202	8.85402707168207	7.60272070989522	3.51601514700366	0	7.62986657364294	0
EIF2B3	5.68646446230535	6.83453425539226	8.25508703717355	6.48880418737256	6.69202659702275	6.33666996508811	6.93054607078637	4.13832300405648	0.622930350920177	0	0
EIF3E	11.1405346974994	9.57192325437916	9.65493825658195	9.1002155336548	9.42069718940416	10.6067145386985	9.72763738249644	7.05766687679971	2.58976348698498	9.7879351991815	1.038176930378
EIF3H	11.2587275743314	9.23419472295381	9.01296415915521	8.32539540988712	8.22361532010105	9.20196393864662	8.92075522755559	8.21592122539727	8.3360155359515	8.21834527167104	2.31691901858352
EIF3K	8.53055286098467	8.73365938954936	9.93480891636897	8.49337513793657	9.76213274288304	9.09628888723528	8.88998933626457	5.69348695749933	5.48800077083407	7.41886457739032	1.15336443352989
EIF3M	8.99337769620637	9.56132613645392	9.86373066188507	9.16480638693274	9.31318657241469	9.70863613247111	9.25640741682446	1.28095631383106	0.773996325111173	9.52571654819596	2.9574687930208
EIF4E2	6.86692702877612	6.79103261675567	7.00404794421132	7.48002271341054	4.62320451869385	7.55187249416124	7.57816668835241	4.47053686509258	0	7.34411833452143	0
EIF6	9.19103390486703	9.15891258450803	9.72479510240992	9.15810471969659	9.11905739724546	8.63213136248402	9.91395822839743	3.96347412397489	9.30067286942404	8.26200085566098	1.13223819000385
ELOF1	4.9957199652084	5.00988458893184	7.31996974468624	6.31849761886055	0	6.270649773317	6.76888109849092	1.62760683812965	0	0	0
EMC2	9.89852647723194	5.12184429787638	6.25918365868758	7.07210580048042	0	6.57275600477309	6.6845311851845	0	0	1.77399632511117	0
EMC3	6.72771601383784	0	7.57189931728036	7.64299031296116	4.83412197958232	4.9481397091671	6.34801957223829	1.33913738491959	0	0.75702324650746	0
EMC4	8.44081722423907	7.67475722778515	8.42745125624374	8.68618534092696	6.75079391292603	8.22918679156994	8.62770888819432	7.55704241526372	8.24583788960736	8.97816702265943	2.27013765208293
EMG1	6.16772867568	7.1407786557828	7.23909492346629	6.46809451637844	6.97283896305704	6.7822408287643	8.0848153289754	0	0	0.992768430768924	0
ERAL1	6.47181558603637	6.1876489953106	7.85671441639904	5.69682846458871	2.46719219894441	6.86102611708237	7.19294579694742	5.32228872357088	0	3.81147103052984	0
ERGIC3	7.39679775833659	6.77280941016073	7.90642230287052	7.96659196775482	4.41630768487898	7.45835649999958	7.99449433796054	4.14323013477689	8.9983929799628	6.92718535782637	0
ESD	5.44953871044724	7.61889934790406	8.59097209150227	8.92727426398423	7.82493881800751	7.69756112025966	8.82457532130749	3.98458935036246	0	8.36483503491908	1.71034225134775
ETFB	7.62821572649617	6.83187724119167	8.25601985720866	6.3327079336406	6.46541190399182	5.86723296659757	6.56548232199831	7.59849920107575	0	4.02059109477325	0
EXOSC5	6.88155596126195	4.50207595604579	7.52687297453547	3.66562016406638	7.11303346113019	7.33224827844893	4.49338322261582	0	0	2.22342254993494	0
EXOSC7	6.88717911629543	6.76778719809436	8.25008478333954	5.73009646559547	7.54577193268738	7.79917998397698	7.38577465271981	0	0	7.36229453839559	0
EXOSC8	7.82722910169583	7.49481559239038	8.08721976281275	7.96739919892461	7.7832098680331	8.47852158390406	8.40927846704549	8.04919510562227	2.47767732756531	8.93625513239268	0
FABP5	0.334513382754815	9.29337968128275	6.58050949147746	9.10800164646591	10.1742334141773	9.46487074809993	9.61578440691648	7.60429376155303	12.2566421397006	9.18410669236861	8.51632980145411
FAM162A	6.23003299415592	8.19115794135308	7.79190240653369	6.95547555318157	7.79395503390289	9.688076878727	7.23626593249192	0	0	8.01044418516899	0
FAM96A	7.22678307006612	7.83156060377827	9.05869376152546	8.08065766334522	8.32201815344812	8.4463870207548	8.15357932552143	0	0	7.58300752720769	0
FDPS	7.13983489389336	8.51439846089868	8.79452354669793	7.94947657038666	9.10950216691559	9.1323151427233	10.2925837330454	2.18903382439002	6.59723318908613	8.8799507684126	0.921489415894163
FIS1	7.22524176335343	6.68004299262257	7.47397892812388	7.40905143853856	4.64348676526351	7.84036462457959	7.25050869465502	5.94321808742628	0	7.4667902378031	0
FKBP2	6.78561425248531	6.12515513132229	6.49359671066911	7.0614522027414	5.64772744082713	5.56501889347132	7.19598476059515	2.33342373372519	3.4867143730307	3.1554254317472	0
FTH1	11.2178414830989	9.37314791376331	8.36028143362674	8.42882075651775	3.58841070285416	8.23287640179117	8.79466313328806	8.8794913552823	8.87476623331501	8.24750033654362	8.2119702921416
FXYD5	10.7032119487728	6.83099048124926	8.76683943686388	9.38342350114569	6.91333100383555	7.25844840402269	9.11018148380622	0	0	0	0
GAS5	8.55779058357179	9.30861206960795	9.38736936449835	7.65570959551851	8.61160575478151	10.3356292598949	8.7599836126691	8.7236950704414	7.88886499017852	8.60980666333323	2.12931976056855
GEMIN6	5.19096746731214	7.00416427456992	6.89757955378158	6.52136487844622	0.84799690655495	6.55585396940149	6.88104528682969	0	0	0	0
GGCT	9.10834135832379	7.47897180503294	8.5468858620027	7.35684807923652	8.20308660843641	8.91219525515212	8.19322967410313	0	0	8.06096607400477	0
GINS2	1.47242922290377	4.88655014732434	8.01897370613071	6.40173284952262	0	7.47224856149897	7.55740130111187	0	0	6.65090813229121	0
GLRX	8.12370958673352	7.95338165580255	3.301738994127	8.6880054673815	0	5.80046755079302	0	0.925999418556223	0	0	0
GLRX3	6.58960955269295	7.84410942136841	7.87040644260544	7.93091470719705	6.50477145058827	8.17150853246234	8.23668988978329	1.32192809488736	0	1.85996954822103	0
GMNN	4.34970120412627	7.1238110214654	8.53122306545669	7.77774845997228	6.38562666014124	7.24563987767329	7.81942052470331	0	0	6.28798935040895	0
GNG10	8.17605471123942	4.54349588342577	5.82582800358058	8.69971125070334	0	7.36771886062046	7.50848833675688	3.58736499093646	6.36018867006271	7.0931798467655	0.531751471153079
GNG5	8.7358755467919	9.0047822634596	7.98225182459886	8.20959957731168	7.01189422270095	8.09689845144103	8.34511202989977	3.78345665436024	9.80627571753083	8.70134112088262	1.52091060309536
GPN1	6.72643404351714	6.03386345186628	7.43683124985615	6.31885910596865	5.52441036978223	6.72060384059729	7.83771664977738	0.659924558402378	0.333423733725192	1.84398384404833	0
GPX1	8.03398768959295	7.58856473740135	0	5.89360490485829	7.26846836356357	7.81056258639788	8.02346631087297	5.00495075995105	0	6.38180248316877	0
GRPEL1	6.32596775985422	6.21761848535105	7.48778596473448	6.68173035543585	8.90831487560151	6.4504022216362	7.21525011127008	0	0	2.76128527336162	0
GSTK1	7.69396785207588	6.75181181986212	8.02904275738282	6.97945377741666	4.66716625584789	3.36254336231511	7.07747952483819	0	0	4.86492897228979	0
GSTO1	5.66020014183298	8.32476560848727	8.50600989629576	9.3151042649976	6.47937614326184	6.72571032403491	8.6301751905125	0	0	4.93451650158608	0
GSTP1	0	10.8962037212787	11.8824652306418	10.5159954422275	10.2148662225403	11.7159622361246	11.9332295403724	8.76546844451592	10.7052003780631	10.8548294330843	9.34806372343376
GTF2A2	8.34390804479327	7.97234802007957	8.2097976689272	8.21626083716506	6.03990837608009	7.57545885156237	7.87468396049051	7.71513833827546	1.30451104180995	8.30528657395388	0
H3F3A	7.44247816288896	6.5963388642052	8.3625235456463	0	6.29602606675085	8.83034046594463	6.53813248178196	7.79636413813963	7.48099210369791	8.61860574423154	7.1915600520464
HAT1	6.78411390126702	6.11997860965488	8.58602184250323	8.43625347099798	4.70267286203988	7.39397932928725	8.39953293452413	1.29865831556452	0	5.76712507726907	0
HAX1	8.91642922835969	4.73063995591679	8.80568498117039	8.17447633033605	7.3891451364018	8.21144935894517	8.27308033915669	4.72955277045397	5.5090623863619	0.782408564927373	0
HBXIP	8.60302740861578	8.35319094393789	8.93551216865636	8.67817756738391	7.60362576722531	8.20316579226404	8.39280774378723	8.32705856274109	6.70251902915328	7.74819284958946	1.45236728038691
HIGD2A	7.2245325653646	8.23035674505615	8.58217955415751	7.45220004940622	7.61109144011323	8.31096207525764	7.8106675356231	4.44161626940656	6.97659276223859	6.22824149703314	0
HINT1	9.45656563781014	9.97173034500073	10.2674985312842	9.91348784071516	8.62619136149864	10.0770419004128	10.1400750744431	9.90061023897869	9.86977889113204	9.92782239759024	6.84946924991572
HIST1H4C	9.73557882835854	10.7771073388811	12.7104432001315	12.0478328129856	12.9028735902791	11.7311157635733	10.9368327336497	11.8013284396144	10.2322650165446	12.2699623584264	8.54944188039823
HMBS	4.18562259958008	4.76234881564413	8.91104523356175	4.11603199344711	0	7.38852108141649	5.78263131140796	0	0	0	0
HMGB2	5.92410957027671	9.94721319819777	9.58567424863247	8.63048556073541	9.57421941256975	9.2289579099558	7.45191128809094	2.52857131887076	3.64270157183323	11.3075025251707	0
HMGN3	8.55731880471159	8.1143149637124	7.19659451795797	7.96491840784853	4.00168811786593	9.21700480527091	7.80934315241004	8.22361561718727	9.5031300561522	9.91971250809574	6.04767975216062
HPRT1	7.190132348463	7.90291771903359	6.98708584858552	6.74160181141324	4.25418778234397	7.61862056918937	6.95285744188248	0	0	1.85199883711245	0
HRSP12	7.58994441847645	5.02014657311178	6.551681519859	6.60599798023252	0	7.2427259927779	6.35823388345374	0	0	4.04788732939655	0
HSD17B10	6.63017586777749	7.96572657570626	7.96042849936386	6.62219827852365	7.08055107339003	7.28687445665678	6.96560790805913	0	1.64154602908752	3.62993940943954	0
HSPB11	7.36602942949436	8.57595516709661	8.12219381107342	8.35146932426708	0	6.0074314446861	7.89540166508677	0	0	7.27882111921072	0
IFI30	6.38905152508079	10.9367336247861	8.06900694048941	5.8040019151793	0	4.25478834717125	0	0	0	0	0
IFITM1	12.2234574088307	9.65074661146545	12.0397925904257	7.60644222813161	0	11.1850813488967	10.8216239593788	0	0	6.35684807923652	0
IFITM2	9.58129453160512	7.60755224976126	10.0558313016643	10.2125693388508	8.13143750863365	9.18198220036103	2.45017258518779	0	1.26903314645524	6.07638806851284	0
IFITM3	12.4531182501046	4.56803210477128	9.8590217792033	11.5207316168639	0.961098924198184	10.0384176488906	11.7176863823532	0	3.91838623444635	9.12013417585824	0
IMPDH2	5.63894031576485	7.52630360620646	8.20217275771975	6.5915597458278	8.63212786572168	8.94754023460963	8.0660202461696	1.0703893278914	3.32912359629157	7.71342088486808	0
ISG15	9.60102537155459	8.27575204882853	3.45203488769823	4.7771566660045	0	4.79076742458173	8.8724113685877	0	0	0	0
ITGB1	7.56897797001782	0	5.36219740867093	9.99787101827316	0	6.53223570442069	8.64497821628278	2.28983446517751	3.46205231879643	4.46074256378964	2.79971841151607
KPNA2	7.51260596875517	8.09782145517113	9.63051062360755	9.55570113971173	7.56102084686386	9.78287345627042	10.0408900472244	9.2477139408043	0.27500704749987	10.4774648414019	2.54272507567252
KRT18	10.8242127497889	0	7.21107494238612	0	0	8.76518748797154	9.10508265321209	0	0	1.54596836910529	0
KRT8	9.59228817359661	0	7.49381440305624	0	0	7.28828876777832	7.99034607204145	0	0	0.622930350920177	0
KRTCAP2	9.53629479111343	6.90917305628501	8.81034480511085	8.30592493460186	7.83552536732877	8.11629057919451	8.4410095910937	4.2364926183813	4.41345868800798	7.82005128463813	0
LAMTOR2	8.02378986062592	7.28881994409049	7.46420367800506	7.45779126025604	7.12007847171283	6.92706084053106	7.64826483898742	5.08533966935737	0	6.06695024392463	0
LDHA	9.86234021065179	10.6880754264078	10.8159356352153	11.1849806905039	9.9493280516175	11.8669627760111	11.3986925706325	3.10265813136374	7.24355484277846	11.2626938858637	0.495150708284353
LDHB	0.178071905112638	11.1620891620282	11.3646734081339	10.8686682475883	11.5965507873773	12.5456537400519	11.3538087852513	11.0293217407908	11.1344199025241	11.607126842409	10.0674107195875
LGALS1	8.57191940877105	7.55382125653269	8.50928198369051	13.3708930633636	0	6.3453293239027	11.1370131629276	0	1.56071495447448	0	0
LINC00152	8.21049632579671	5.86021792474585	8.39409591720006	8.5407867415276	3.78858750611839	5.06821349630309	8.42028847401923	0	0	4.31251996747495	0
LOC401397	6.51450364468071	6.37068740680722	8.36599783301488	8.42273758653753	7.39020854198326	7.67895716863902	7.04751300760311	1.09085343045111	1.05658352836637	8.08358569723832	0
LOC541471	8.61057023032262	0	7.31529529006597	7.91133206157122	3.93353587145837	4.64727108980095	7.49769182058753	0	0.910732661902913	1.33913738491959	0
LOC550643	5.36724761600301	7.15775113653965	0	8.0557704828425	0	8.25244780973156	7.51300278849287	6.65492239118093	0	8.52473758701238	0.334513382754815
LSM1	6.10694253148421	6.82119997805645	7.31248069639685	7.90134963765088	4.21500000904034	6.75712012190413	7.39544250942108	3.24640808724638	5.67016051412663	0	0
LSM10	5.7594747412665	2.72900887033786	7.23563079973074	6.56361576562977	0	7.1941606479542	7.15988646978442	5.66931028620247	0	1.67355642399014	0
LSM3	8.61485492147368	9.012065787874	10.1975087762699	9.37970326180091	8.53290352239429	9.16489858947592	9.54933514305184	8.40258575823259	8.904664724537	8.36610360752657	1.58228052027552
LSM6	5.36813339430346	8.50866633534206	6.97198944453893	6.64284594962078	7.61967038831604	8.09952259067258	7.57082834370978	1.26903314645524	0	7.94538530800853	0
MAD2L1	5.91363403322827	7.60288440871842	8.42464996679487	8.45294130797121	7.54132447851483	8.69323035530695	8.13281558049082	0	0	9.22279490286811	0
MARCKS	8.43810518503706	8.04745114041639	0	8.61684286630834	0	8.33397841573674	7.60083849228085	10.1283939398545	10.5561898916359	10.7824331382392	11.5661846235417
MDH1	8.06861597410827	9.49803141436863	9.17431539601107	9.41831646499879	9.32128306842352	10.1376444600255	9.60880439737969	9.66766154234323	7.32885441165772	9.18544536749745	1.69350890953681
MEA1	7.63198170917395	6.7816219978706	8.90798614448391	8.41015451375957	7.31606543001055	8.45339947481398	8.29660469419062	4.68594014844598	0	5.0232553523003	0
MED10	7.1449051640748	7.17442639367725	7.39959312920695	7.25663329505992	0	3.41024650083354	6.66668635838159	5.65133876610593	0	3.6564963705535	0
MED28	5.93535918771295	6.6906964439777	7.06101087228879	6.56468301696364	7.1920983126641	7.03311691140308	6.89541881744404	0	0	6.87700799321402	0
METTL5	8.31619932239826	7.68215188795627	8.55742591412111	7.33681894254764	7.21622136237221	8.18947263254441	8.00180730193479	0	1.04264433740849	6.69390506938195	0
MGST1	9.95715404140058	5.94040169796984	7.46118306188018	10.3608580552029	9.08147354832652	10.5762913191207	8.93434471602456	0	0	0	0
MIEN1	12.5706361173704	7.04756020002569	6.47270029938708	6.38560359805024	0	6.75172839754682	6.81604366095275	5.99254185910911	0	2.89530262133331	0
MLLT11	0	0.27500704749987	6.75379309866207	6.28429202639431	0	6.33808296320448	2.01141470079565	11.9591144596496	11.0732713007788	4.54225804976692	8.18384049318507
MMADHC	9.48505523996788	8.19716753741605	9.23790913582745	8.57984388621158	4.92588669919972	8.74728603484206	8.6911795185223	7.93150578186973	8.37234272301749	8.13504228623365	0
MNF1	9.46609147808398	7.19199684666977	8.71995993815922	8.41599522099608	8.43953735668607	8.71985346556627	8.79216190650425	4.74953426766926	0	8.66764380367151	0
MORN2	6.14291293081167	0	5.75100315927214	7.23141320720433	0	5.15718824140981	5.36902818036584	0	0	5.9518675043269	0
MPC1	7.28762465392491	5.17592374206376	7.46436258940028	5.85673675611911	4.09244188549951	2.06009301376593	5.53961114405956	7.39137249163957	6.90797221133397	0	0
MPHOSPH6	6.62883056073781	5.52794609890826	7.28515995053956	6.97865326490861	3.67637131889827	6.88310132000742	8.07307057875886	1.0703893278914	0	4.40463068421761	0
MPV17	5.27469808776986	8.14486214291573	7.62307482021144	7.93439855243498	2.15855071421163	6.97802117282719	7.85208723208523	0	0	2.65764000520782	0
MRPL13	9.27741373927287	8.30961277245412	8.51433001693477	8.58616424593091	7.99345164661029	8.40022762573202	8.43492735707779	0	1	8.27575204882853	0.423998453277475
MRPL14	8.95783483648384	8.4198759304222	9.4812198892392	8.24636057938301	8.2448831579369	8.14907948906133	9.6626037444507	7.51443791382931	0	7.75241409996308	0
MRPL18	7.98716743616917	7.10915157917052	8.78880061620986	8.67965602719799	7.02496995295099	7.23134235338586	8.22881941184304	7.35939817627605	0	6.67919857056692	0.407787714431286
MRPL20	6.83168679867	7.62278396615612	8.79287071791755	8.16087986183931	8.83794995935121	7.70906281213339	8.58897431530849	6.59290547379686	2.07382023329167	6.30979464387458	0
MRPL21	6.56865776091531	7.57818396809009	8.68590511371887	7.49089097889429	8.44837810864623	7.68131050771784	7.52231774593156	0	8.04941295311848	3.38681094647222	0
MRPL27	8.03249975047905	7.07274895156064	8.68591055770383	7.69167373779609	7.44930105976024	7.82507510231235	8.76878323894868	4.85149920246126	8.49409554494063	7.44923120066949	0
MRPL32	7.90936701645639	7.16791986555194	8.28470741396091	7.99520183149718	7.74499583235997	8.13318780232374	8.23767425079235	0	0	5.19337751056436	0
MRPL33	7.9196636361157	7.44302640697434	7.78234889071122	9.19214483815997	7.83485668831538	7.65126164611468	8.04342620882544	0	2.24792751344359	7.23783136909528	3.39343930035122
MRPL36	10.2236957501122	8.65216378846684	8.84118966562748	8.11493957462849	6.83634691664837	7.8181956609969	8.16952400136318	6.42105494692424	0	5.34731131636529	0
MRPL39	8.04490278618646	8.65474342118394	8.45279711237982	8.08097737415892	6.04570245279884	8.48862297110533	8.62076319838664	1.82374936030827	0	7.49904859773388	0
MRPL40	7.41477230584774	8.18487534290828	9.90239272584998	7.17462612994241	7.90432938808387	3.31541239931492	8.24200332344025	3.82171021503467	1.18269229751619	0.782408564927373	0
MRPL47	7.1104213498891	6.34571570878414	8.31848825815816	7.78430766672839	7.61683469792962	7.73006900476986	7.68222854714493	2.26303440583379	0	6.65033375384593	0
MRPL48	7.61522406779281	6.73890291428176	7.60069016793467	6.18784690943957	3.56193654243864	6.51962514727607	7.08382040274596	0	0.53605290024021	7.09697863637054	0
MRPL50	8.03744169625038	8.11566794574286	8.14572174531536	7.67313237214536	2.29161511354996	8.30410037005868	7.9694110299372	0	0	6.73416766115076	0
MRPL51	9.47981196226284	9.15415988749782	9.2360175303235	9.39983331660714	9.62762149308356	9.6059059756616	10.1016231282457	4.04614178164472	9.44575980445338	9.12541347048331	0.694783405881363
MRPL55	8.0775599087431	6.65935375917005	7.85949522222701	6.42240121557753	7.22739319865458	6.81255643890221	7.87577225967278	4.28762004411207	0	7.47297508612399	0
MRPS15	6.55121915140083	7.19081236791614	7.81746081493483	6.49537538094463	5.2670088114207	7.59856149431082	8.05839502772577	0	0	2.96532254836725	0
MRPS17	7.03181500286091	7.42961596420174	7.61072831016692	6.50414365228547	4.91668541618989	6.56688052714071	6.9165006878998	0	0	1.67807190511264	0
MRPS18A	7.992654220905	8.17457619846851	8.79787224038175	7.34438468641748	7.49185147106954	7.39347737764856	7.61347488637376	1.59454854955035	3.11603199344711	7.70279604433096	0
MRPS21	9.40784609455026	8.82295316218384	9.62491448667506	9.15236090506633	9.33699163954809	9.55069861391866	8.89088189990908	9.00481034757482	5.35790383855249	8.47864829453918	1.83038446351462
MRPS22	5.13175156756252	0	7.83253527552393	6.4797802640291	3.87889500399712	5.90896485086769	7.45773242157835	0	0	1.26903314645524	0
MRPS23	7.0651149627947	6.74362267606765	8.03002321882891	6.86925452711547	7.69586877232756	7.06219229709617	7.47796342121818	1.0071955014042	1.53605290024021	1.73984810269933	0
MRPS24	8.17887395590215	7.55926235872489	8.17422166572529	7.45137598184461	5.55434393074333	8.80415811872543	8.45004621716999	5.89044669267991	0.739848102699327	8.29952858166843	0.772984184552646
MRPS28	7.18536318401841	7.03188036558718	7.35700976570811	6.10768786931437	4.31017517021286	6.91329690456486	7.29530497427039	0	0	4.69488019279919	0
MRPS33	7.17219883490773	7.80309784950483	8.12759872064551	7.19711838004716	7.27907616179443	7.44545739366269	7.75614435372236	0	0	5.10852445677817	0
MRPS6	5.01164722347147	7.23840473932508	6.42042337641171	6.4916927879745	0	7.77254826446903	6.30534455283038	1.30451104180995	0	6.68060566620259	0
MRPS9	5.33053666025978	1.93357263826102	7.29963775459282	6.87270565743652	1.92178091208486	7.254836887321	7.19897177456294	0	0	4.86740230572754	0
MT1X	8.76787967159862	4.42492208821069	3.03687691847525	8.32273938269455	7.28523413977459	8.73948470528178	8.73613665320379	0	0	1.40599235967584	0
MT2A	11.2922192267304	2.80322703643493	0	13.8701566235606	8.80028508628055	1.75776161764773	13.7454262442373	0	0	0	0
MYEOV2	7.62756767932569	8.01424369405681	7.5166777728538	8.95402178026901	7.91289585156545	8.48797626435811	8.64384773463055	7.22052343641151	3.83289001416474	7.66647256884207	4.1315172029169
MYL12A	11.3888715661484	9.57179055877512	9.68486684446598	11.1666777906164	8.78939597526933	9.44477631180162	10.5100203883878	1.67807190511264	0	7.82839040156897	0
NAA20	8.29984476727891	8.23069297602723	8.40370924508106	9.21424625557482	7.68052399919334	6.5717783022081	9.50998426968679	7.24678809384436	0.565597175854225	7.64349547092277	0.905735515264918
NAE1	8.16184858914372	6.51238492946103	8.03867720052372	6.58571370877816	5.72894486718619	8.1605845885995	7.40829147892097	0.641546029087524	0	8.70255365895948	0.386998162555587
NDUFA1	10.1587788519283	9.59753117422421	11.143769350424	10.220209015744	10.0537418795891	9.396065530094	10.1804184714901	9.57531233068744	9.67454539384586	8.44918992361297	3.74858422014309
NDUFA12	8.70162987870368	9.72490602186941	9.31834816896417	9.40032444683857	8.82695830801914	8.60969495770333	9.32439708725991	7.33574763429973	8.5206972458801	7.76208300356767	4.21306023899203
NDUFA7	6.94128889519388	7.74859540599096	8.30093306614501	6.61500424163503	6.41558406710669	8.01894312126258	8.1209555289079	0	0	7.03254169727004	0
NDUFA8	6.96950520832277	7.26341005875634	8.44321454707215	7.20114373205303	3.58916311613953	7.15074636485475	7.27732756078046	6.5837597536395	1.76128527336162	5.97246290720214	0
NDUFA9	7.4834485374749	8.15997222101611	7.67814215660453	7.70708299177171	8.28141732364093	7.08900327840357	8.33466713400103	2.4032677223393	0.333423733725192	0.687060688339892	0
NDUFAB1	8.74043368927341	8.72458206403889	6.63556770394481	4.94157586181824	7.20924944021077	8.89684383477421	8.60229894539395	7.67602757865169	7.84624256510951	8.29011102897418	0
NDUFB2	9.13979760000775	9.20879522962193	10.4861828717368	9.42838111152246	9.35433143945627	9.13464390667782	9.96265721885474	9.60655326873516	9.78050695993484	8.38037447914243	6.59091295821495
NDUFB3	7.83351526896555	8.62632961621641	8.66442948166419	8.92697788881558	8.63906875787364	8.01992358636522	8.71693873074964	5.5453506448223	1.35049724708413	7.88898672118656	1.55310714804548
NDUFB4	9.12536203531431	9.33199177823206	8.86593367690316	8.93014594790882	9.10989107261197	9.53577564401048	8.79521039065444	8.42202270447976	9.87693127819154	8.57538797336885	3.16825595775638
NDUFB5	7.38919952520194	8.00489459664044	8.21635648362233	7.98726401207254	6.16048960545909	7.63841664839468	7.41027980725943	7.66405611271822	0	5.79779120047889	1.45896408165356
NDUFB6	7.06320917056972	7.61191006735408	7.74215275166621	8.36045207176887	6.72973666046905	8.25699418813429	8.20709312773743	7.75935560233225	7.28725064325462	7.30213623462205	0
NDUFB7	7.77672123288518	7.89421146153777	7.80326830659473	7.30158764660319	7.76459212380295	7.76665202068638	7.88137774430332	6.62862780216015	8.20359271420771	7.43128865429159	3.37685574684562
NDUFB9	9.6159726116763	8.86164526053022	10.3134638564898	9.02956331443266	10.4161206083066	9.27731664330156	9.3993593113682	8.31537602721884	7.84762115579338	7.57561487761963	3.43404333490334
NDUFS4	7.84325805480309	6.90917305628501	7.54002255759386	8.34180788924394	7.27339900991503	8.71570301619779	8.16408583160214	1.80322703643493	7.99706654539873	8.70244976704708	5.92417190100405
NDUFS8	7.90860255186364	7.7353190809295	8.33035408353221	7.23246889628851	7.16829254708738	8.12514682148436	7.27320225385966	5.13298804262744	6.89421146153777	6.45285896471381	0
NDUFV2	9.48118982616072	10.0146063589889	10.2442581073863	9.31786479839195	9.10741139462957	9.49320341402221	9.43205051497842	7.1197711619529	6.66305992374782	8.28364401937092	2.33927260588765
NEDD8	10.303358296207	9.89192037311687	9.56059935623903	10.6375486643437	9.98811581043124	10.2194208563682	10.559818361932	9.55001563465536	9.90324921026611	9.93150578186973	5.87253066073704
NGDN	7.94504024446112	6.27649666564036	7.1575526987232	6.7348450781895	4.1866570594047	6.46200216176562	6.67883789424	6.71603060669904	0	5.43529521564717	0
NGFRAP1	7.76759846032673	0	0	9.56584466090127	0	10.1259554147945	7.93456269866543	10.4856079577547	10.8120890400477	9.84599177066457	10.1706507938003
NHP2	8.47333758310116	8.67345042271353	9.31598730173607	8.14934066928622	9.51906114680475	9.30311912232994	8.95501474465333	7.47735352663456	7.19986861652443	8.54337988162668	0
NME1	8.96695757983242	9.96989011749202	11.1195147770451	10.0074057669579	10.4515107265089	9.81225962001665	10.3542555021378	9.5070810431207	5.82553125118962	8.3262047507653	4.71511262851049
NME2	9.55878764859849	9.85878917542284	10.4139820568532	9.34613694332619	9.08254137122838	10.4749443562402	10.7548287253335	8.94772459270913	9.59011917410717	9.02170180007169	0
NOB1	6.1148737435309	4.55151601762801	7.62807048606772	4.52105073690096	3.28453893101712	6.58835558015562	5.87723238783743	0	0	0	0
NOP10	9.47704691097604	9.65008239135015	9.90696977418129	10.4085951127981	9.25159138018029	9.56614051248198	9.95484724124443	8.38810341382138	0	7.70501025298183	0
NOP16	6.96160245156775	8.56875418388694	9.77316494742597	7.37616881059537	9.59676599358185	8.27073831566105	8.92229225468203	3.70818723602071	0	0.678071905112638	0
NPC2	8.45607080833384	5.29975751183932	5.35723275594286	8.78339117107308	0	7.86970524997596	9.052102405097	0	0	6.24317398347295	0
NREP	0.86873522454303	0.263034405833794	0	7.24231668224486	1.67291816372553	8.02203090562099	0	11.7083726316693	10.4823642925554	9.27696185606159	6.66270169655221
NSMCE1	6.03878238451401	5.35790383855249	6.50943016774909	7.61257366358217	5.18897083607754	6.69530568608604	7.01320781701925	0	0	3.80012335282653	0
NTMT1	5.45454091357813	1.63226821549951	7.28331909736425	7.11280436995477	0	5.65650068015067	6.75790257706714	0	0	0	0
NUDCD2	6.38083200045778	7.1622906135458	7.52257937371732	6.57561487761963	0	7.89170650299347	6.83889781937654	0	0	8.74812574593397	0
NUDT1	6.59506648341266	6.04417551263921	6.76726032827243	5.73552217729654	7.02531003293832	6.83794126866827	6.96716781960302	2.56803210477128	0	6.5713734359732	0
NUDT5	7.27196741175638	7.96624587322494	8.24971129065213	7.834407841807	5.27761752099616	7.93505147844683	8.21531133951311	3.64154602908752	0	1.70043971814109	0
NUP37	6.42367518922267	6.27593823906443	7.89843168126689	7.41168045765175	4.48467886955461	7.5696251359522	8.04748339380159	0	0	6.89372623659722	0
NUSAP1	6.59269542657324	7.65463602852797	7.75782591231924	8.00455757085456	7.28915332051211	6.97726036742904	7.34810514100273	0.948600847493356	0	9.91816258506818	0
OAT	8.52938259383415	0	8.38603195276777	7.98036810528749	0	7.9334490256187	9.18110228444195	0	0	0.748461233004036	0
OAZ1	8.75898379909566	9.62185041395884	9.02035330316684	9.57654103311111	9.71347619466125	9.465411149361	8.96885972909569	8.02972894155423	9.01237312769853	7.75401895208599	2.01444809836069
OCIAD2	9.42681030758527	7.7901855632105	0	8.14450529885511	5.93083383387524	8.47037449841113	9.89465613414342	3.22958792274065	8.24972975607757	3.88752527074159	0
OST4	9.10546102224024	10.1285614890275	9.58791660879445	10.8189416082117	9.57768013770939	9.69960583686057	10.5223104350408	9.39701141831696	8.93073733756289	9.33797862945699	6.26299057262146
OSTC	8.86505030743171	9.02649577792009	9.39167065181016	10.1372345303162	8.95486011278835	9.44124915168375	9.67100115782517	3.4541758931858	9.45616957400977	8.65011830295957	0.510739863705226
PAFAH1B3	6.28890586672036	0	6.74484953411671	5.11478344724985	0	7.35916942953491	6.00803815514284	8.0478328129856	6.21140163741847	8.39754629261807	0.827675914306277
PAIP2	7.50222588444701	7.76148474727011	7.55874024031256	7.41362792902417	2.46989067687769	8.49578870155701	6.52593753237174	6.61249994573944	6.22881869049588	9.34571570878414	0.678184606858113
PAK1IP1	6.79367854543086	7.5913353357414	8.09558910904017	6.77412814429358	6.29933785143708	7.88341533348842	7.75543273008421	2.8499992594661	0.263034405833794	3.25247621413522	0
PARK7	9.05347769790022	10.0856848974803	10.6030437340658	10.0111154142634	9.87417056847142	10.1913578226032	10.6651045760211	9.17849057188179	10.3101014999165	9.82692976598958	9.01210920288118
PCMT1	7.92966046189924	7.83118054712674	9.19757833089809	8.60173365292229	7.45404769542537	7.35210776450226	8.12672185989727	6.80051167862158	3.20476675065461	7.95483607357286	0.287656165343718
PCNA	5.53427568910695	9.22513511959012	8.81720477596884	8.18164922381533	8.61349423303645	8.04725027869914	7.78643895299243	1.4541758931858	0	8.68046501837983	0
PDCD10	7.92113936864367	7.02779544098985	7.97705079248366	7.46393301087224	4.83528422280979	7.47184508954446	8.04637696340387	2.54596836910529	0	0.604071323668861	1.1403297162276
PDCD5	9.34299704598638	9.00537191510332	8.82917285368982	8.85679899356183	8.52283107666585	8.21882508464308	8.95828535844601	6.17971008387062	8.81397353773301	8.20540228837288	1.68853410319203
PDRG1	5.93363645433835	1.87970576628229	7.08160542490569	6.72764822226861	0	5.35516318683686	3.62584913307464	5.92718535782637	0	3.47638168756724	0
PDZD11	7.24599600269751	7.51238492946103	5.63139347486664	7.91217080294995	0	6.12078306277158	7.73213318032608	0	0	3.08576455377831	0.91395015046086
PFDN2	7.8392056643326	7.39600531746942	7.43644261455402	7.04187813995592	7.50950092759361	7.14590538741191	7.39577762046109	3.67694435910691	0	5.10013667128545	0
PFN2	5.06842123932358	0	0	8.02597004970865	0	8.0718116023581	6.77662888685403	9.32249153759747	9.04447608833895	8.10585614119458	5.77128651221893
PHPT1	7.03918570788665	7.92967266157935	7.82483556984746	7.86962468620432	1.17680279566906	7.64734052747724	8.02053327336331	8.14072753898151	7.80451826988807	9.13545278418517	3.99759526142488
PIGF	5.39046182111709	6.39454843916717	6.68869079132989	7.57304120405865	3.49701489212914	7.18407250974515	6.1257929818834	0	4.71808758396052	8.07980475463526	0
PLP2	8.95566153913401	8.08905317215643	7.3854408423074	8.4555738137657	3.8296083668717	1.76175588724361	9.09892641586872	0	0.948600847493356	0	0
PLS3	8.05644374381063	0	0	7.52034366822517	0	6.4384986554458	8.06915086933197	0	0	0.367371065648529	0.183685532824265
POLR1C	7.36202136835078	7.4643415327611	8.29537847827296	5.29241366782748	6.4087582891138	6.96923774798529	7.72487874139973	0	0	1.64154602908752	0
POLR1D	6.55795411376723	6.97429985800373	7.31989756562037	7.05213327492777	6.75978041193285	8.41783805621421	8.35738456744365	7.98828703885414	0	4.85149920246126	0
POLR2G	8.48774189151117	8.4914122054832	8.69119900007771	8.40335294519078	8.05134715621997	8.3098805511404	8.4358719456819	8.58161487349037	0	8.49185309632967	2.6887007153929
POLR2H	8.30908308661352	8.36579750245938	8.64878299502815	7.35358794919542	7.73429492297842	8.65559418772456	8.00227218453779	1.79493566280354	0	5.42088657497553	0
POLR2K	9.40378948579878	8.03793125540046	7.99367809262973	8.12820058970333	6.19421513921504	7.4899317821953	7.81272256667285	8.08486152476468	2.97452931248388	6.97349647981295	0
POLR3K	6.88734338472941	7.08172309064488	9.2086582853048	6.88886499017852	7.49806429150813	8.09638697812975	8.05253434972994	0	0	0	0
POP5	5.93648034896699	6.50430258316317	7.34207006178385	7.51711818515321	5.29883872189036	6.87565720732086	7.67503319820144	0	0	0	0
PPIB	8.84550429775812	9.55311086723262	9.3484957996208	11.0204452512002	10.8530008960432	8.76415899316116	10.8378956048207	7.55903286774518	9.66124366730065	8.02895585225408	4.20747112786011
PPIH	4.73053515936435	6.56178435308184	7.66935232460028	4.83995958748953	7.0959265245733	5.43575216106786	5.82852110590075	0	0	4.20633064787105	0
PQBP1	6.5714991263087	5.74765593293239	7.79806313056865	5.17552460108987	4.79526031039651	6.77039867911398	7.00542561249838	2.26002565596146	0	5.68509917200661	0
PRDX2	8.31873449727221	8.12168891597662	10.0235786286097	8.21028170263923	0	9.61616580170402	9.42030901784032	10.1742890589524	10.1007805878509	10.86780382221	8.97766659764042
PRDX4	8.32149488510795	7.44997398581035	7.74906360862975	8.39064189344123	5.0732194868633	7.65678363958352	7.57845235530944	2.18903382439002	6.33735429849697	6.15076274435542	0
PRDX5	9.30856567247448	8.48836236364457	7.33108912828101	7.67355642399014	6.61055741509248	8.2615149872256	8.47160200155914	6.32445060465607	8.45811948117451	7.77985065247157	2.82962264089028
PRDX6	7.83294050145131	7.8856353701452	9.62295382511131	8.96436975028691	8.13866978377568	9.64122922628527	8.41075220895727	5.8011586560937	5.19258872156664	9.00126743679078	0
PRG2	0	0	0	0	13.7781179389161	0	0	0	0	0	0
PSENEN	8.38745782727441	5.40973035386445	7.25506521352211	7.97452931248388	5.84745225946259	7.35459280601808	7.63162246879745	4.72082566608984	6.78881619449558	5.85299758761332	0
PSMA1	8.65707344400472	9.03457889697933	9.66407848210967	9.01111541426339	9.04816796700526	9.38999329900334	9.45175737500595	7.00786824333334	7.79603960882977	8.86359780140497	0.900061676413264
PSMA2	9.07759148215355	9.47405065656882	9.35148254471602	8.95102238292863	9.03860779888842	10.1746808391598	9.54943780115162	8.21650336806264	6.57576612729644	9.01613970265525	0
PSMA3	9.77823191568989	9.67824800459908	9.49169065462407	9.36476938874434	8.42125581785892	9.94393128166234	9.77847030911808	3.56803210477128	1.11103131238874	8.05131771683587	1.22667976957695
PSMA4	9.83877606876871	9.27293298731728	10.2372692483869	9.28468531727311	9.99050218760665	10.0789444626977	9.68725158671065	9.97030724974569	9.87752954721166	9.22913124056304	5.31027849772374
PSMA6	10.6950438151218	9.66231233034276	9.64776434055749	9.39126507392928	9.78977915725843	9.47808959127137	9.87857435523788	9.24074363897559	8.12722055048807	9.45801692015867	0.777760848727279
PSMB1	10.1313177937489	10.0082044966948	11.1475620689909	9.69628947406986	10.3237175746186	10.4277809784373	10.3539790080679	9.63479290295015	8.79266016937621	9.77254551862151	4.0388823958996
PSMB3	10.0869980018049	9.84665001312021	10.1192986526152	9.7766962139187	10.5039477994319	10.0680898194818	10.1802030100656	8.8819398698457	8.18621330532764	9.36170257355154	2.13604893039246
PSMB4	10.9980140197924	10.4219701256389	9.32166492639775	8.87789758948689	9.29892227874041	10.6535898740189	10.3785342969272	9.92970224652415	10.777756677624	9.73467575374757	8.10187945723128
PSMB5	10.3482418500454	9.3175482840351	11.0324146233439	9.91139198784346	9.43418936018163	10.8173903837	10.6756706513759	10.4378664848412	7.64342331632819	9.43962313755712	6.31341587246219
PSMB6	10.0993016286428	9.58548838742921	10.0103714187087	9.6836789117018	8.94012953282173	10.9320136520654	10.6366423658403	9.45296189305123	10.1566266713824	9.87867936771562	4.67588604044539
PSMB7	9.28137396819447	8.28142006871013	9.90679545317682	9.05289404674744	8.17646335473756	9.52361592832912	9.70999607081495	8.4568882675127	8.74678301696098	9.24038588981292	6.91752064978181
PSMB8	9.82067419342318	9.04971243972445	0	5.73903797911741	5.91498089522868	4.55764279837986	5.68731265161432	0	0.475084882948783	0	0
PSMC6	8.73960719515254	7.28567963354263	7.74617732311318	7.83295328887543	4.72702706387255	8.33527081484554	8.32090240585989	1.18269229751619	3.27649666564036	8.47601707907175	0
PSMD10	7.4272393683856	5.73606362787181	6.80785945306702	6.68313498512609	2.07882909014818	6.51973282807849	6.99427606298774	3.64500988439109	0	4.24412594328373	0
PSMD13	6.33260559309382	7.65191274464578	8.01956881131053	6.95116812883891	7.40542514829295	7.13488075908778	7.89102426920125	6.83048351645765	0	5.31505896631662	0
PSMD4	8.44711003379754	8.21237478756727	8.71887516828192	7.1532986828549	7.19789082618416	8.51519484591998	8.10293139043681	6.96150757468309	9.09937411271659	6.47897180503294	0.663843682088024
PSMD6	7.84790836768016	7.83073702112196	7.77493096280765	8.29411525762366	6.42726777953091	8.18249350743234	8.22830858480489	7.17990909001493	1.29865831556452	6.35279382940117	0
PSME1	10.608220715674	10.4678704273977	7.31654126194166	8.98993372431032	7.71545254352466	8.07978727717577	8.92246597859111	1.41683974191283	7.92860719930895	8.24982454861618	1.30440462133776
PSME2	11.1270880615974	11.173027465006	8.67579593092517	9.35224210003192	8.28191732760904	8.52010970316972	9.79173855269011	0	0	4.66789212523023	0
PSMG2	7.77636722957392	7.56757586852411	7.51717830907119	7.96405201104085	8.16146365058194	7.8063889038956	7.67708241251435	0	0	5.88264304936184	0
PSMG3	7.54249971132588	7.63539164076898	7.26666581529377	5.43862553808838	5.36126093317235	6.36014831867169	6.68112966438143	0	0	0	0
PTRH2	5.96043328293104	6.63008507000212	7.41647968698836	6.49729300866279	1.20043288878313	6.53432352461579	7.42353693599111	0	0	1.790772037862	0
PTRHD1	6.52666774201733	5.68453824857773	7.04731086428921	5.55612281784117	0	7.73384067535622	6.56995372889836	3.39094277280254	3.5933537709803	7.73809225962049	0
PTS	7.40349655552437	0	5.86090353615084	7.95355626337201	0	4.986806355204	7.13500546052645	0	0	0	0.919979793744766
PTTG1	8.07871345414445	8.59466050932853	9.13389955273658	9.63657024659033	8.32550050419585	10.3155143711938	9.93784350163166	0	1.20789285164133	10.7466486753052	0
RAB13	7.5470802630317	3.10433665981474	5.82863030331183	7.35587962068554	0	6.35737419907873	6.45323154815022	0	2.8011586560937	5.94556088599388	0
RAC2	0.906249112666782	9.14121307548434	6.91120857154038	3.96901230751632	7.59180688478608	0	5.11538526909588	0	0	0	0
RAD51C	5.69130423241831	5.66362925881475	7.91612957227559	6.57561487761963	1.24032644559242	5.8509081920123	5.34420139478449	0	0	0.831877241191673	0
RAE1	7.29176326743793	6.34890516116841	7.61667509737148	5.9174317553901	4.48516685599976	6.25465691116546	6.83342688409036	6.51743318407169	0	6.06004738366994	0
RBM4	7.4846388922247	6.75100838840963	8.12079378772004	6.96428310106872	4.29455776833939	8.31135634913781	7.48931770679951	8.51214785854752	1.23266075679027	7.91342800143848	7.55663770595505
REXO2	7.55860107505263	0	7.85404720264457	9.10194941602351	4.46982192750343	7.72136558815102	8.09419250097777	0	3.86492897228979	1.46466826700344	0.507177646488535
RFC4	3.58706336871046	3.4931349223055	7.35973798521952	6.42827641439251	4.45103377398218	7.62609036631323	6.74796570913232	0.970853654340484	0	7.10160805850212	0
RHOC	8.57781079726918	2.25096157353322	7.80075233416344	9.43579525437006	0	5.38307560382348	8.67777432450289	0	7.51916444980607	6.32696871158789	0
RNASEH2A	1.46330337062566	3.97269265400426	7.21214328700753	6.10181813422741	0	7.49537440389238	6.3744605295074	0	0	4.81557542886257	0
RND3	9.81438558283782	0.22650852980868	0	9.00711138660134	0	6.1082014219765	7.35111353071534	5.93451650158608	6.38956681176273	5.95210055416844	1.41905232664267
RNF181	7.50770389113282	6.6130895830383	7.32600623067158	8.02680005934372	7.1176346624829	6.99748958809647	7.30335211199077	0	0	4.52544250601812	0
RPA2	5.92202657419174	8.82263455985913	8.57604237914621	6.98128185405741	6.42309054265885	6.91599476591531	7.23290180177649	1.88362081628567	0	6.20574438506276	0
RPF2	7.49987672551125	8.01402047031493	8.88594186100402	7.67150568442538	8.22678366163489	7.78707213537341	7.72640969179835	1.63691458035588	0.55581615506164	0	0
RPL19	11.4182781317863	12.1177924275309	11.3949288202168	11.4315132742856	12.0599359730275	11.9630275195405	11.8199670114366	10.7377036594443	11.0351839966183	11.4816430471543	9.63350841895257
RPL21P28	10.7917459174658	12.3218717385116	11.5357824699895	11.392027566534	12.2731382088863	12.161913385581	11.5691919822963	11.0170241187723	10.84432915538	12.025108409698	11.0036976402078
RPL26L1	7.97515948735617	7.4487357980294	7.65721048544912	8.41667087727392	7.7891034850299	6.98453089423528	8.06779383089296	7.16812050459556	0.526068811667588	6.04308198189566	0
RPL36AL	10.3876144085378	10.2279648433086	9.82571399614928	10.525364198691	10.7663008006912	10.0620045893898	10.7309616165845	8.41848513714593	9.92335720076797	8.81070015418721	6.40140058011484
RPP21	7.05529583142296	6.76434084667018	8.4879755693411	7.03364324351038	0	7.27834748845806	7.12117069816031	0	3.2585189247113	6.32517051237605	0
RPS16	10.5949212132096	11.4853110929456	10.933538399187	10.4080006116433	11.3488978054642	11.0178453196005	10.8299019161641	8.6347384599158	9.03562390973072	10.4956751783456	7.56499855152433
RPS28	9.69535760900011	11.4709740161447	11.556873925737	11.0853994262907	11.9327420500356	11.4586590765482	11.3034704445495	9.9711411526059	9.7247525772281	11.0705369174907	9.51001294945311
RPS4Y1	0	0	0	10.0258870224755	0	9.53784638776314	10.0471641550228	0	0	10.1820342554887	0
RPS5	10.1919192162308	11.487573773749	12.0943083152369	10.7574566835066	11.9533994091858	11.5765689224107	11.7160598713071	10.3851721572022	10.3816078385578	10.589669870534	8.58600615097912
S100A10	9.8900671367674	0	0	7.58541327249201	0	6.98488887942191	10.9173492791445	1.51096191927738	8.13216552547809	0	0
S100A11	12.7635762844765	7.5184564558243	9.09567262846312	12.0196358987382	7.83255663861883	8.96889285994191	13.0125575649929	0	1.48542682717024	0	0
S100A13	7.44957007179787	0	5.87308902249604	8.64641470346255	0	7.08237173374119	7.9148377400522	0	0	0	0
S100A16	9.88952473167918	0	0	9.63540978046081	0	5.77122056616319	10.5414944253759	0	0	0	0
S100A6	9.38975477476169	0.7311832415722	0	12.1895497042352	0	5.58132843423532	10.4872059461002	0	2.48026512205446	0	0
SARNP	7.99926496418106	8.15997222101611	8.24793236841078	8.70092515883047	7.40529871997739	9.02958092591948	8.86917310739327	8.64031724995088	9.97239110382268	8.43216604085687	4.88987116651921
SAT1	13.6968154615279	7.8293421939028	5.47337215466307	8.58214198165878	1.71129143281821	7.27156097783111	9.42575217089825	10.0893180569531	7.20114373205303	7.06511989062899	1.58180571921521
SDCBP	9.33272986779242	0.27500704749987	7.40118795277012	8.66345136574052	1.32478473800927	7.7443548182753	8.30841977944407	9.27059901977721	9.8972101673917	8.03177011416067	4.39333035990644
SDHB	8.01900317260495	8.43295940727611	9.59386714604579	8.36352154354655	8.25794926079999	7.85846088055563	8.76637657299439	0	0	1.83592407425437	0
SDHD	7.96525853084908	8.9602626365306	9.42197253139513	8.82470421840183	7.9881159402321	8.71433046728256	8.47414834154722	0.985500430304885	0	7.21916852046216	0
SEC11A	7.40522293770671	6.97257778517655	7.71206975847149	8.31876874268273	4.76240208871347	8.18281895971952	7.76479371569068	1.09085343045111	8.09929520433777	8.06748814148907	0
SEC11C	6.42006689910083	8.97303720562177	5.60625840629487	5.85798099512757	6.54076035999709	6.53121146171389	7.57664801122795	8.58153955659967	0	6.3361048254481	0
SEC13	7.46695252591338	7.76427448993117	8.72904021436113	7.75608924737322	5.25905509946995	7.69023485155249	7.77177812450274	3.99186193055632	0.6959938131099	1.60880924267552	0
SEC61B	9.01396484251189	8.98253731439927	8.47995180626363	9.42798322200124	8.27845783059988	8.67610727643072	9.0583810486973	8.42785754987693	7.977566144122	7.9711411526059	4.5498011983268
SEC61G	8.93653052262984	8.38171597769485	8.13143999921328	9.8810833623646	8.51317580217521	8.90910450868136	9.10553230003383	8.54067052168294	6.92326805288542	6.99310822155539	2.7974235448265
41532	8.15634711625895	7.88160344540464	7.78442679198922	8.42601309989885	6.16809225582853	7.51214149454834	7.77280070049299	2.23266075679027	0	5.60673831741759	0.565465434913224
SEPW1	9.06062471193909	4.72628628972067	8.46248090186571	9.42122329922514	6.64717248108684	9.81723484410897	9.9453518748009	9.17839097435731	7.8642480615677	8.36815720409731	4.05944977786104
SF3B5	8.31279606863497	7.82247523230804	9.86675438157441	8.97280751368673	9.08484576981611	8.47139283163571	8.44014573137927	7.5406317796541	8.32300971061281	8.34238584754296	4.02091060309536
SFT2D1	7.67509281131447	7.06253190271762	7.58209860881372	7.68999797141945	7.05536088272279	7.64113769796018	7.47992603904945	0	0	0	0
SH3BGRL3	8.39927350856857	8.65556649940246	8.6119658780759	11.175006800616	6.30644689284469	8.45614175805781	10.5025259788368	7.77656462918302	9.45965702212825	7.62899225714273	1.18881176881786
SIVA1	0	8.331051284435	6.53620809508504	5.94626298433245	8.00367778442086	7.55397143782158	8.10281654136398	0	0	6.33306587807636	0
SLC1A5	7.87689129571816	6.87737616854864	7.85184120298016	7.01178633120661	7.57549643127169	6.58643338339318	7.11572064446836	0	0	0	0
SLC25A5	10.373701183489	10.4813554571921	11.5600075491058	10.0808841324901	10.2407120621049	11.0238843548893	11.2107679363706	8.07124781946144	8.26762942788613	8.09961081196091	4.35560754101342
SNHG1	5.47769200435685	7.91492323926577	8.39773405383857	6.01769925269303	7.78063048597887	8.34675913282287	7.03093463257637	0	0	7.82145511910246	0
SNHG5	9.00012823124896	9.86717061076167	9.77743981828668	9.16236615061328	7.6716424486613	10.1054872445234	9.52469659472107	6.42441826594578	4.37851162325373	8.65352583606003	0
SNHG6	0	7.88514725170844	8.26297926838182	7.6398833131998	8.16233412470629	8.63966601245143	7.54835272295438	7.27733390042982	8.7074626710717	8.06441943551518	6.37228732938687
SNHG8	7.01209210670744	6.69710657447698	8.03132593411607	7.25001411501037	7.51494994855418	8.26719347047381	7.70556444004811	0	1.04264433740849	5.95512678126137	0
SNRNP25	6.00444844835027	6.97338167497138	7.80720028788674	4.58796498888268	4.02325507946313	6.60264001511044	7.69397450066141	0	0	5.10097764772482	0
SNRPA1	7.73632975895104	9.06536227664687	8.43552012455461	7.68825030913318	7.58377097285421	8.95513190348951	8.42451439400709	4.17232749165762	0.650764559116902	8.53741255908016	0
SNRPC	8.80917832518183	8.80380823450765	10.149480949638	8.32116145949133	9.08145284790053	9.03266523027192	9.07235382272478	7.51388547459572	8.47329987114132	7.93934413283448	2.60174154435498
SNRPG	9.60683157214665	10.4878299871652	11.3684453157342	10.0674343607565	11.0063764711501	10.6163939789031	10.566861709459	9.31129420891343	8.61098789926413	9.95153242921126	7.95145245729933
SOD1	9.77218065981668	9.3968188150137	10.1225740580695	9.59015660975617	9.86365648741022	9.81838813935302	9.71724428161057	9.64160021583436	8.41312014640349	8.98133894414432	6.88954825740115
SOX4	10.3658107364172	6.66149309282422	0	5.77452352959023	5.29617282696066	9.94970059015683	5.99592076387403	12.5016904205281	10.4455632555186	9.18172375409479	12.8551854594486
SPAG7	7.31124410323061	7.88490313054522	5.31226157729796	5.10349763970334	0	7.79913723598331	7.25190755326309	2.86789646399265	6.45844762743792	5.92029330021101	0
SPARC	0	0	0	9.72795447998839	0	6.75281479659976	7.74648689951628	0.37851162325373	5.84473714406068	7.35040884394425	0.851949018956752
SPCS1	9.03637689254976	8.49337513793657	8.09466039783355	9.03143930931934	8.73031013818089	8.7037358978755	8.43146902152728	6.65535182861255	6.97773784924282	7.73599595766186	0
SRA1	6.88470820364938	7.28928117848199	7.04480764128119	7.04668749222387	2.49138273129182	6.27661611708971	6.83732142066054	0	0	2.77188557851537	0
SRGN	0	7.4967339638283	6.91520572877434	5.60584986719498	10.9948554833518	0	0	0	0	0	0
SS18L2	5.61866629529896	7.7382949659938	7.9570151880886	7.12773644358883	6.29105216873072	7.26727160513708	7.22043116518094	4.8801957289431	0	5.55581615506164	0.694783405881363
SSBP1	9.43819351910512	9.60856901986529	10.6819629626417	9.27409855666785	9.81396550241676	9.93335297104045	9.5120595692802	8.91208096112235	9.93230334873868	9.26950074929889	1.99143748044903
SSR4	10.3710591764467	9.0459780282111	9.17585188998109	9.41030294026616	9.94222950434826	8.5482893172261	9.28695019249065	8.77379857375169	5.95279947789994	6.2137360959228	0
SSSCA1	7.19750967024098	6.84172158112846	7.030354356968	6.81365294595797	5.90100651520105	5.91416526831956	6.88282574618261	0	0	0	0
SSU72	7.05307102196457	4.97911075501579	7.53105060808729	7.05766687679971	6.11733760993659	6.24664733507763	7.11774802825376	6.3212065669699	0	0	0
STOML2	6.25754121095821	7.56841219146128	7.83576605532632	6.66049513188851	7.56401572374744	8.4646400290741	8.18323663972962	0	0.298658315564515	6.43529521564717	0
STRA13	5.88645661087906	6.90652987675656	8.75400976720207	6.61691636257881	7.05970320962978	7.34414058686665	7.03642474249884	5.57984388621158	0	3.96624587322494	0
STX8	5.94280624664117	5.18507363787676	3.60405571262043	7.16540952031982	0	6.29876614577633	6.2200790119746	0	0.545968369105293	4.40667271575583	0
SYPL1	7.93136916068573	4.86443379636562	7.23998484054491	7.88245964426709	3.22804822627467	6.90000248678655	8.29425324697536	0	0.443606651475615	0.565597175854225	0
Spike1	0	2.53106949272595	0	0	0	14.8870568511498	0	5.88752527074159	0	17.0454063446576	0
TAF9	8.47217587987117	9.45777074396908	9.87607067290169	9.32294213338184	8.02640614150966	9.40034809450907	9.46273719238349	8.53399154582028	7.98771878020456	7.19829769486015	1.48920765635368
TAGLN2	9.04914837939512	7.71630503984442	9.37983996138725	8.96454303311222	8.56367394925866	2.42988540810437	9.32853789895395	0	9.65703256217783	0.863938450423971	1.2168269355247
TALDO1	8.76435014509913	8.75528819513671	9.75488752844714	8.76135176772897	9.74307447557075	8.86384519287307	7.99073207654029	6.74846123300404	2.03210084316702	6.56514016881565	3.49271264399066
TAX1BP3	6.51097593424195	0	2.76587474788158	6.74456477837141	0	4.72116759852156	8.09700062870151	0	7.77643303244473	0	0
TBPL1	6.66202801079154	5.33019983285091	6.97900465486937	6.91396646559834	0	6.41885967018972	5.17672119664286	0.782408564927373	0	0.505890929729957	0
TEX30	4.31697639984947	0	6.34269116679046	7.84749588378871	4.54182661902897	2.25108254357157	7.01185087054541	0	0	0.659924558402378	0
THOC7	6.57922106069117	7.09592441999854	6.53641479659733	7.64038956005495	6.11329889316868	6.85064733345183	7.76827561217432	1.14404636961671	0	7.08746284125034	0
THYN1	3.24508448475843	8.0532199690443	7.67105636081776	7.23524837937284	6.0059225981337	8.46928785180622	7.37702965578926	4.01435529297707	0	7.78985964091365	2.87320744549962
TIMM10	8.72681396923987	8.45635441510829	9.09279840992712	7.46474993900329	8.75840835000158	7.85473576660805	8.75993499656562	6.43629511983936	6.7356575589924	4.02236781302845	0
TIMM17A	8.4493536515465	6.98913900736823	9.13640887051844	8.75632280385071	7.77194713475697	7.49156020317754	8.4627828687704	8.61227876960785	8.0989795276564	5.53449743373817	0.962278000843277
TIMM21	4.90164637792309	6.39574832817903	7.2703369648605	6.95210055416844	6.34702571173037	6.35432069574807	6.42905540037446	0	0	0.443606651475615	0
TIMM23	7.48323445320647	7.73646958248901	8.84961419749771	8.01385302983957	7.56690650619808	8.10948274740449	7.60857476639971	6.57015930163612	0	6.58616424593091	1.18897831690506
TIMP1	7.81784066069513	3.70487196445635	7.9487406266785	11.7185414380322	0	6.31941892429352	8.01641982476859	0	0	4.63691458035588	0
TK1	7.38440212734836	5.85399564717639	7.90583815614541	6.82043428407604	0	5.66187093794179	7.64687796401329	0	0	5.25625587320273	0
TMEM106C	6.38648911709643	7.66434061183981	6.60858749806943	8.18135106418884	1.78801916838104	4.38942624648176	7.71242556046387	0	0.66902676550963	7.17861505911909	0
TMEM126A	6.46933662105288	5.04745114041639	6.24202162287086	7.47630067142003	2.5326913714675	6.82124894217368	6.48969672534471	0	0	5.84297883178833	0
TMEM126B	7.39926305182781	5.94368695159709	7.88444416770194	7.95698592461258	6.86661569594672	7.48681395558536	6.76974205399029	7.43812647955095	0	6.32246900411355	0
TMEM147	7.86767506186654	2.27798474729977	5.97945692573413	5.6406787642337	6.65727288724973	7.57856705791575	7.09149325562631	0	0	5.40769264866568	0
TMEM14A	7.42768542667337	6.79246495997995	5.08071800694	8.82441782732577	0	5.20312971884525	7.25376770990208	7.26753579806874	5.93121027480393	7.31723170022261	0
TMEM14B	8.44381933230855	8.51088282198627	9.43558553456946	8.45294130797121	8.20006328591422	8.23887451571044	8.80702347115258	4.17392693199981	6.19770815795585	7.2585189247113	2.79467201896115
TMEM14C	8.11328491232603	6.86294724802092	9.00326054455804	8.7309116243181	2.98917562097349	8.22740668871148	8.73562687912654	7.02103547951136	3.66448284036468	7.86839045305445	1.04427434850512
TMEM208	7.63177635760325	7.34598176596164	7.80609112824755	7.51609396341718	8.47279937681326	7.29429856831807	7.6814183000254	1.53106949272595	6.1139504824225	0.765534746362977	0
TMEM219	6.48378159231284	4.0408924306469	6.44645948057793	6.84787166717461	3.90440295201978	6.67010943354816	5.72182533918122	0	0	7.73281187208294	0
TMEM60	5.97328136736897	0	6.42288762452551	7.977566144122	0	6.68365276738534	5.40941090395878	0	0	7.48236429255538	0
TMSB15A	0	0	0	2.97269265400426	0	8.58828893807512	0	8.8141658586079	4.86245139132558	10.9359679607623	9.57538391802574
TMX2	7.02493666001978	5.12556845177803	8.08068326904661	6.84348142543246	5.52387524465048	6.01413098126336	6.30837067171344	5.28577209324984	4.76553474636298	0	0
TOMM5	9.40729862105744	9.10179187643457	10.566916895653	9.60760772842999	9.20682455790389	9.6706765645024	9.47654349386664	8.39587682854646	5.27984269352035	9.88302506844017	0
TOMM6	8.14529323706837	8.16786970143083	9.75941405045995	8.38253757034903	9.13354316712248	8.21958943766262	8.6085966087545	6.10307794659757	2.60880924267552	6.95105153328861	0.643440573894081
TPM1	8.49979282554189	0	3.23614639974968	10.0996371094799	0	8.36002256017284	6.18138539206391	0	0	7.56025639801327	0
TPRKB	7.10791663100598	6.78201533500419	6.86198536292817	7.18378423312753	6.24185590137886	6.89128816544389	7.44050573167144	0	0	7.5330181855701	0
TRAPPC2L	7.19479853305415	8.18799532722078	8.1930451233265	6.999774561287	7.80779371565709	7.3408400627879	7.70241169241793	0	0	5.82273014794452	0
TRAPPC4	7.32556975090039	6.55136220398739	8.17783735144027	8.71702517857554	5.76818274620138	8.21450798152324	7.47389337565687	2.30742852519225	6.66391384211598	6.78829418814312	0
TRIAP1	6.6484502763752	8.20373952102305	7.92727305597198	7.36518509741176	5.42501190116567	7.85016262097351	6.22055419302765	0	0	6.66220549965362	0
TRMT112	9.24140498200637	9.30856656661821	9.36250783908458	8.842664621825	9.57467087428754	9.86679141840125	10.1028909681529	2.06004738366994	8.07804403634318	9.27754313323204	2.33444249213312
TSTD1	8.78736496917366	5.40769264866568	0	0	0	8.13694923129388	6.46401856570413	0	7.36649707577453	4.82374936030827	0
TUBA1A	0.951133284541536	0.941106310946431	2.53939029907527	9.50020452359068	0	9.16716756514731	4.92622222944662	14.3581779621634	14.0258593456692	12.2691383703098	14.0086840194703
TUBB4B	7.06009611670209	8.12396617498933	9.05588194992193	8.38607803400871	6.23263012938242	7.22251837048993	9.50889925760788	0.956056652412403	0.622930350920177	7.90520646879571	0.194783405881363
TUBG1	5.6345890597733	5.09887428674445	7.50993328134368	7.43654498764143	0.5	6.75457685510085	7.70572953701102	1.11103131238874	0	4.13504228623365	0
TXN2	7.94263214919965	8.03468893397434	8.49904735341488	6.69111536525274	7.56368510939372	6.53790710646718	7.66506455167793	0.823749360308273	4.48026512205446	5.89360490485829	0
TXNDC9	6.82707764624127	4.45811948117451	6.6478178528271	8.15603249888887	3.63734049420228	6.65097896891276	7.69909120890764	0	0	4.0866139474095	0
UBE2C	6.81226146306684	9.10682463009568	0	7.51435900688911	5.76840257208809	8.13194514123153	7.7097910098859	0	0	10.8168076741069	0
UBE2L6	9.02536882310161	6.44161626940656	0	6.50318969917099	0	5.58437632430042	4.28051640070845	1.49569516262407	6.09085343045111	3.64961545906341	0
UBE2T	7.46937990620156	7.40811740799184	8.1929917034685	8.97727992349992	5.36142882023809	7.41347275819569	8.14765472437557	5.19298316997399	0	8.57697555420653	0
UBE2V2	8.09901797627734	8.53908124477339	8.14479444917657	8.53931393126741	6.75432746125523	8.87164277315453	8.0962286870242	8.14343423678486	6.33664044640873	7.9696455356034	2.90017170847176
UCHL1	0	0.367371065648529	0	8.54268367489103	0	9.1907188254239	0	9.53807250273785	6.55750199425594	8.12039341559244	6.71973178399549
UCHL3	7.06754032354166	6.94520970865249	6.90090685408919	7.65477921695952	5.34926795422766	7.32005870332463	8.8856166418299	3.91934008244201	1.24488705912353	1.1243281350022	0
UCP2	7.4769226939761	6.78135971352466	7.01753644867143	0	6.79423599005076	7.13531860526262	0	0	0	5.52010790163755	0
UFC1	7.19606233072159	7.94479989368428	8.4210128164813	7.08151006812092	6.55568639768713	7.37981669794072	7.21396175473547	5.80219321694183	0.344828496997441	6.83061027435791	0
UFD1L	6.55504501931292	6.04198762165136	9.15201632025355	7.02691069122452	4.279003298268	6.06017191979786	7.1654054736553	0	0	1.86789646399265	0
UQCRC1	8.41909915289028	8.26940724085404	6.96092655720518	6.07189135305663	6.10147721013444	8.87022976454416	8.59577359542673	8.35067403711449	8.40331033439433	9.7831292081978	0.71840073678525
UROD	6.00254889608193	5.72900887033786	10.4121741446019	7.26734852020245	5.52102966382948	7.50267732946589	7.60924786562756	0	0	0	0
UXT	7.62242123678255	7.99870324606075	8.14631175544781	7.81845435830465	7.19377271268858	7.62693740424919	7.37538602732898	1.87184364850932	6.15299460549244	8.15598191971587	0
VAMP8	9.02261756171098	8.06807959726576	8.84018204687207	0	10.2920372884597	5.88286789404291	8.64150923539524	0	0	0	0
VDAC3	9.10853707002246	8.30870307128211	9.48754065580663	8.82788252212139	8.60814495256387	8.50846577571259	9.29345718331723	10.0747703300031	6.70404195482129	8.43687807740704	2.70083912309663
VIM	0.96705063889912	7.68790052248075	6.04151281905519	11.1014504816311	0	3.24174748179678	8.74942087570725	1.66448284036468	9.40720402078761	9.08456924726053	1.76309702008846
VKORC1	6.45170101422034	6.25908413335355	6.82812098364756	8.07028198051675	5.46237864414727	7.58653289093333	7.15795284097519	0	0	7.84943637854997	0
VMP1	8.50229702917725	6.68622036502273	6.57871018156727	7.3127014727958	2.51813297104079	6.94055364801794	7.28894581709526	1.43295940727611	0	6.33199177823206	0
VPS25	8.11504217119604	7.89893387178018	8.31552567441357	7.63843591399047	2.98714304478718	7.10192205588292	8.50872425127656	0	0	6.72846476509253	0
VPS28	5.30535003106738	0	6.49471309242758	7.06371864015225	1.93978427345662	5.72956496633933	6.43344909321459	5.57470704641555	5.65191274464578	2.76128527336162	0.535194663945699
VPS29	8.61118295825134	8.4592266758085	8.57640904028174	9.27575204882853	8.01939437457937	7.86378660157055	8.86026468020708	6.04636009064731	8.83510297949099	5.9957106289071	0
WBP5	0	0	6.02299849863449	8.63397604163172	0	7.64277363610769	6.72866478660785	3.79805051476751	8.29094040240368	6.32571020751578	3.78471212698285
WBSCR22	7.55049741175093	6.49617470227977	8.07461606841887	7.22660486039603	5.66179196650951	7.09972705728649	7.33863154239931	0	6.75114232472695	6.42273758653753	0
WDR12	3.63109065524744	2.95046841415012	7.84284689601265	5.45877569908024	6.887879462504	7.28865019565126	6.22273683084922	0	0	5.12845838414693	0
WDR61	7.12296376623894	7.23333206768657	8.24259014318534	7.29535569289167	6.84831542181183	7.55241725767606	7.91009212441477	2.95977015521147	0	4.45154083301783	0
WRB	6.59476618868666	1.50589092972996	6.83137031541779	6.55305325276641	0	6.19518251449876	4.78466769251016	7.62021982550749	0.238786859587116	7.46817599465146	2.62093152954875
ZFAND6	8.29075593832715	7.07382023329167	6.9295947810228	7.5424902244917	2.26818189619773	8.09877543643294	6.12384296835686	5.57561487761963	0	6.70210340662939	0
ZNHIT3	6.83902919429441	3.0703893278914	7.18734488789492	6.37121034345557	3.80509718149636	7.71319067157872	6.20554885819549	1.41142624572647	0	4.01970191444255	0
ZNRD1	6.46372628920219	6.50000529209313	8.00656617917598	5.03077747199254	4.57783414462912	6.2749096095349	6.24257751916016	0	0	0	0
ZWINT	5.49785803462155	7.27248982393942	8.44942878681321	7.22448410023199	7.23046737953626	5.62933989810672	7.23877081546784	0	0	6.31505896631662	0
