d0	d2	d4	d7
1110036E04Rik	2.05683125234946	0	0	0.740549296063419
1200014J11Rik	2.52039001210994	3.87397249998558	2.6441373871009	1.80149646425304
2500004C02Rik	2.04792816278306	3.18211299205448	0	1.41084102503091
4831440E17Rik	1.85624032638304	2.08186456397035	0	1.67539505016501
4921534H16Rik	1.95118906287956	0	0	2.81195804947562
4930520O04Rik	1.79736877827375	0	0	2.01041090290807
4933402N03Rik	1.11703048248526	0	0	2.06190928957041
5830417I10Rik	2.06783602943701	2.26790990942735	1.81256186417419	1.74906564149372
A130077B15Rik	3.56198097405589	4.38580611390365	3.96674250403762	3.51055957476165
A630089N07Rik	2.42295248682948	3.03217656369205	2.53651774507134	2.36142678610703
A930015D03Rik	2.08322918379086	0	0	1.77027671362412
AK010878	2.1212697385476	3.61006586799219	2.37457581318535	1.004301021828
Aak1	1.81146242354881	0	0	1.8637936810396
Abcb7	1.8500485861735	2.2704902860829	0	1.54056282742674
Abcd4	2.37790676454806	3.56174346867099	1.83994390723784	2.08100237329867
Abhd15	2.08307227340402	2.17954740741158	0	1.51997732689987
Acad9	2.56695454310045	2.59269685848993	2.6396994573866	2.25888425175519
Acer2	1.7914093296254	2.26790990942735	1.879726632726	1.40784113663115
Acpp	1.7524978296994	0	0	2.39233664933078
Acsf2	1.8757654125722	4.25239691691071	2.50745848524576	2.24849087867382
Acta1	0.933407904357225	2.49501985835507	2.70461579411586	1.5870886809588
Actg2	0.736583578166872	2.62109799352435	2.74124256587852	2.41786376922869
Actn1	1.45389323236398	0	2.01896912076717	3.33568416505931
Adamts19	1.61682981022692	0	0	1.67687441745382
Agl	3.3927582539524	4.84320266348769	3.22911371793526	3.23670557873914
Ahcyl2	1.80368022640497	2.16188896104773	1.90614618484857	1.61512641046319
Ahnak	1.62686316316525	0	0	3.24194615375547
Ahsa1	2.12625471687922	2.52881947738081	2.29340085850412	1.28720806123072
Akr1b3	1.85945670932099	4.03670394177331	3.30624423497618	1.25096443584821
Aldh9a1	1.88702082138562	1.25193939289208	0	1.74117252226239
Als2	1.94042792758043	2.22814749132605	0	1.37187245729795
Ankfy1	2.83564591894943	3.07550985760823	0	1.81756077177014
Ankrd40	1.61981202741786	0	0	1.88160848937777
Anxa2	0.751624004790992	0	0	3.3342349492578
Anxa3	0.467027331783066	0	0	2.13434182863821
Api5	2.19654161296158	0	0	0.99074333654096
Aplp2	1.18630251383517	0	0	2.02743156123712
Apoe	0.962817565695592	1.673628997889	2.38879082127465	0.518010388057897
Arl6ip1	1.53516987325606	2.10046516131458	2.32570316656053	1.51940437518302
Arpc1b	1.2899539817309	1.4212963934198	2.21673611113323	2.32500096573501
Arpc2	1.66098551277869	2.56869236021202	3.29792734036562	3.13900244271039
Arpp21	1.94636833242993	0	0	1.88138797832789
Ash2l	3.42872885503014	4.63438327810061	3.58077111961984	2.78099612518032
Asns	1.60410021639101	1.50879152123972	0	1.09040492665273
Asph	2.21624132429463	0	0	2.07033443216343
Asxl3	1.96909369930665	0	0	1.76227842681637
Atp5g1	2.52295266196076	3.65613426468045	3.13173481545025	1.7884442533797
Atp6v0c	2.1637174755988	2.88363313474224	3.03058908779594	2.77583869845583
Atp6v0c-ps2	2.07451388622974	2.83488589766196	3.00615414019772	2.68127632936129
Atp7a	2.44634564600551	0	0	1.42328966078337
Atpaf2	2.01411374408521	2.97208313170385	0	1.1966297242422
B230208H11Rik	1.70562475141884	2.8499954054835	0	0.665544617454539
BC018473	2.55634259176072	2.66823794316081	0	1.06427169742699
BC024386	2.11788448507033	3.05498597470682	0	1.29994337415302
Bambi-ps1	2.63660409516826	2.5112201300787	2.44413565547931	2.15125372137175
Bard1	2.60720879563152	1.70344436097493	0	1.2034255782995
Basp1	0.916802605201788	2.66823794316081	2.52202517035301	2.00949122902194
Baz2b	1.77175065264584	0	0	1.80504986052491
Bc1	3.55747627720698	6.0392072724108	6.01531942087245	4.64883657034864
Bcas2	2.91819698457633	4.95310941188163	3.46852651311473	2.15282499416234
Bcat1	2.11225513839503	0	0	0.965334303362376
Bclaf1	1.74005841355699	1.46877135630283	1.879726632726	2.22896201883433
Bex1	3.11657758558786	3.11873066333719	3.82202832446961	2.98046873141177
Birc6	1.79708307584302	0	0	1.76022565249832
Bola2	2.06909745678651	2.45516296995911	2.20220878254586	1.25706988274401
Bptf	1.57460633122776	1.6660870926044	2.20954638205048	2.12432729616235
Bri3bp	2.11382044255825	2.5532540329799	0	1.9242351619611
Brip1	1.97338753853121	2.82995866178042	0	1.50321044460944
Cald1	0.736008531242212	0	2.12793810076078	2.9395871019243
Calr	2.04767143811723	2.92645904138355	3.10917070317341	2.23131934275818
Capns1	1.69033617875028	0	0	2.53137945868701
Caprin1	2.03580168146239	1.4966568892478	0	2.12118753146199
Car2	0.881456980292429	2.03400268379416	2.88641706269659	1.29948100058589
Car5b	1.49209785019916	2.96650418938427	0	1.57994705108659
Ccdc36	4.55564565274076	6.40320779422355	6.28635501234446	4.59430046055587
Ccdc78	2.30714398753331	2.09341074809443	0	1.73881634219603
Ccdc93	2.2086004532901	0	0	2.39294751874039
Ccnd3	2.5811975017111	1.59596309335075	0	0.992500813719249
Cct6a	2.71024978608017	2.66240306803363	2.57204513951844	2.12391155203943
Cd3eap	3.15386752620659	3.97916787562368	2.47731979784886	2.91217080404285
Cd63	1.37499066388724	0	1.82837777739712	2.09964890632321
Cd81	1.03120623966782	0	0	1.70156971264262
Cd8b1	2.30724124549264	2.9724058461169	1.879726632726	1.94532489333491
Cd9	2.13240485115131	0	2.0350141657171	2.37806221918825
Cdc20	1.31928281912292	1.879726632726	2.22919183509565	1.27726958095812
Cdh1	1.56516469962695	0	2.05101470751189	2.11885789225252
Cdkn1a	0.489548113436288	0	0	1.62138340635095
Cdv3	1.75297793970079	1.75948839600941	2.56997301296583	2.26908749530394
Cenpf	2.31966075021584	2.62462549626809	2.22960989928815	1.83683677893591
Cep76	2.04301208361143	1.79768634542629	0	1.40732042666402
Cgnl1	2.22635394384758	0	0	3.00919020206472
Chchd10	2.20128116055436	3.29764159659676	0	0
Churc1	2.82199924738594	4.0027218733684	2.29049739102136	1.77492352640707
Clcn5	1.93125834650833	0	0	1.76122054864438
Cldn6	0	0	0	1.7043280823169
Clic1	0.657516196161403	0	0	1.83644677525463
Clic4	1.05131850050675	0	0	1.8985643858742
Cnbp	2.12625471687922	2.08319949592436	2.50634660537511	2.1753652436715
Cnn2	0.588012698676784	0	2.26562615420266	2.36252418089182
Cnn3	1.54911754957656	1.52009032926861	1.88466082518566	2.05525796042935
Cnr2	1.64909303071939	2.30340704931655	0	1.45911447357731
Cntn2	1.68448070507553	2.33290190943836	0	1.55691454354342
Col18a1	1.05330063406035	2.62042497886139	2.6184085466134	0.837206533230495
Col4a1	0.775060429947011	0	0	1.83093381888351
Cox6a1	2.51702151125288	2.91193032444889	2.53109437909829	2.50703103010641
Cox8a	2.46716821981845	2.6942363201435	2.45621958077618	1.90830816615436
Cp	1.91014598993009	0	0	2.66405847074348
Cpm	2.49323577663577	2.26965361927754	0	2.2001107072019
Cse1l	1.90199698794673	1.66565840209445	0	1.66216270224103
Csrp1	0.942965123874473	0	2.28095619173285	2.67557786415956
Ctbp2	2.05810739164189	2.00102129234644	2.12793810076078	1.04747867176911
Ctla2a	2.26137784313964	2.66823794316081	2.06941309402294	2.00322090881623
Ctnna1	2.01020294671286	2.07539629992814	2.58621738876126	2.51746252496216
Ctsd	2.10984804327801	1.55392822903647	2.32062683060568	2.58369190801953
Ctsl	0.895722295667527	0	2.43013500559757	2.31780988006105
Cux1	1.95569355577518	0	0	1.65952311230393
Cwc22	2.0636441848754	0	0	1.29184352433539
Cxcr2	2.5589722897455	3.17634825551325	2.61407871509708	2.35092149605269
Cyb5r3	1.48107960413767	0	1.94505026766107	1.9782194472808
Cyr61	0.519637686775266	0	1.90353846545231	1.79000818617336
D130017N08Rik	1.84576686579389	0	0	2.10260187201961
D3Ertd254e	2.5842664676179	1.73858365546716	0	2.4768749444553
D430019H16Rik	1.69074956660607	0	0	1.64754523560981
Dcaf17	1.93603114639328	1.65777149228211	0	1.7686920786249
Dctpp1	1.90203549017256	3.25103723153936	2.50857158910757	1.01694481473466
Ddx17	1.94667279232989	1.78021912704491	0	1.94470213535169
Ddx5	2.11585017444033	2.32120233969779	2.50551349730393	2.51901184704333
Ddx55	1.99024673123096	1.94489831501879	0	1.27119554624079
Ddx56	1.54108144774991	0	0	1.67154850009263
Decr2	1.87639513177573	2.3712966036861	0	1.32579847505333
Denr	2.04158338742095	2.5483200804592	1.78808840514792	1.54858665911825
Dgke	2.11981736128194	2.16159751427671	0	1.8795275641815
Dido1	1.84486831000115	0	0	1.74592608572409
Dmd	1.71273517864925	0	0	2.10712732612686
Dnmt3b	1.5912340096914	2.12261809447128	2.45807134571627	1.10215349090574
Dnmt3l	1.85589890056394	3.39823016723337	2.67279869497191	0.899762081360052
Dppa5a	4.6561027814574	5.31455948271577	4.10805545536966	1.02999855321619
Dst	2.48145429059089	1.34865261585329	2.17915128914989	2.69853969748141
Dstn	1.60154143029885	1.77476911179353	2.95204374868097	3.18203693504115
Dus2	1.37821910574554	0	0	2.412191485382
Dusp1	0.550418286076491	0	0	1.64843089497496
Dusp9	0.79918158281063	2.04417034997236	0	2.11132266452974
Dut	1.76756858016003	2.97996243779506	2.82599521189584	0.940123590518587
Dync1h1	1.79404193393959	1.60795532265653	1.90571099877335	2.19749646457795
E130012A19Rik	2.36522886138385	1.96831247041169	0	1.11943101362169
Ect2l	1.13783349782213	0	0	2.15103258219935
Edf1	1.9912620165671	2.34238835739428	2.21673611113323	1.92971014466004
Efcc1	2.17336105851016	2.7303857666901	0	1.75078542080962
Ehd1	1.66861059939845	1.60213112157851	2.16754189803711	2.42890756610363
Eif2s2	3.52572101301015	3.48538241835862	3.46984652807008	2.52598356580787
Eif3b	2.62863437059546	2.91737757600442	2.92326346481349	2.49558056164657
Eif3d	2.57986369821723	2.8398991524782	2.66046529698957	2.18398203109838
Eif4b	2.24898424293151	2.20729818153835	2.45754191940365	2.20692212065733
Eif4g2	2.52845803004625	2.03400268379416	2.17146087455868	2.775571092771
Elp5	1.88494366987455	1.6446351139483	0	1.10700921262613
Enah	1.82544611260846	1.47794037196948	0	1.85135787789315
Epm2aip1	1.94636833242993	0	0	2.15681826323352
Erdr1	2.78907861225593	4.090815324865	4.6572940959314	3.50529984316454
Esd	1.22033205950464	0	2.12606786734256	2.48955184063466
Evi5	1.67857201551008	0	0	2.16539376129349
Exosc2	2.8062072823559	4.79890249272354	3.37619653384318	2.34711744726306
F830016B08Rik	1.51447589444103	2.89320752978738	2.59179030001548	1.2177860546434
Fabp3	1.33887473900653	0	0	1.11482866384857
Fabp5	1.31963786979851	1.53095213301276	0	0.612902997367175
Fam126b	1.94300120192025	1.47794037196948	0	1.53501327775744
Fam129b	1.03409360063694	0	0	2.02947343558028
Fam229b	1.67077574064077	0	0	2.63440081732978
Fam25c	1.68673594250822	0	0	0
Fasn	2.04655982858604	2.38312909722691	0	1.78791060209229
Fat3	1.94047327057463	0	0	2.15156307372371
Fbl	2.36311044289596	2.92161773804693	2.17322988511493	1.43266693823311
Fbxl17	1.68662577522729	0	0	1.94735869239472
Fcer2a	1.90375546441056	2.34793580588607	0	1.23541222162193
Fem1b	1.35922659481716	0	0	2.06341921489406
Flna	1.82837777739712	1.91197042807139	2.58621738876126	3.14523056819716
Flnb	1.74515302709899	1.49775896712872	3.69602025465332	3.20108260338155
Flnc	1.10893459204677	0	0	3.0625191690298
Fn1	1.88490830900334	1.93402878253427	0	3.06964666312289
Fndc7	1.96846865912941	1.93133310365699	0	1.38805214254162
Foxr1	1.78510638773462	2.41976276031749	0	1.17535518955604
Frmpd4	1.81606421656932	0	0	1.67782805090203
Fscn1	1.89640901564429	1.72018055470452	0	2.04306354461667
Fus	2.37348151852318	2.59209239771994	2.03687158516521	1.6974578476477
Fut2	1.33358003493743	0	0	2.10065119303441
Fxyd6	0.480091714570202	0	0	2.6380616332596
G3bp2	2.44554663140733	3.37177749657147	3.03786441731066	1.78343414726185
Gbp2b	1.33901906417015	0	0	2.01417481808771
Gchfr	2.03101720149803	0	0	1.01905459356457
Gcsam	2.66557581094055	1.67189846169146	2.0350141657171	1.16959836758768
Ghdc	2.32001333371625	3.35546350690886	2.18232501496714	1.6438224282441
Glipr2	0.692220111754254	0	0	1.90728365338084
Glod4	2.39200545658886	3.09821376320619	2.0708172857469	1.31234406238643
Glrx2	1.90157358079504	2.57367617619101	0	1.7711931072848
Glud1	2.96693234987374	2.90745648137906	3.00615414019772	2.34427331273366
Gm10941	1.26639044442302	3.57824094684892	1.80843060719218	1.60666924442353
Gm14015	2.72457944848079	0	0	2.7172629853164
Gm15941	1.89533410298081	0	0	1.7933908768508
Gm17821	3.27248474310214	3.69252784271147	3.32480916848538	2.95567834443232
Gm20172	2.2897649455802	0	0	2.08303029755625
Gm20594	2.00788886977609	2.30340704931655	0	1.53122738641637
Gm20604	1.81625923970128	0	0	1.69913248273747
Gm5523	1.10449966818916	3.43118316070703	3.31839445956648	2.00907203657334
Gm5860	2.42142013389508	3.72026075394256	2.39547919328099	1.21338500250871
Gm6083	2.38134243977917	3.57643688833941	2.3627257707919	0
Gm6644	1.72410391050223	3.90604384571741	3.22920354222535	1.14145433097222
Gm6793	3.04047777994079	3.07550985760823	2.98986297052218	2.5074770296604
Gmnc	1.34330846876578	0	0	2.10627598480487
Gnai2	1.4081750967228	1.58955711019479	2.01896912076717	2.00659845087278
Gnb2	1.75407930400072	2.06051326798319	2.29788505874977	2.77117340873271
Gpatch11	1.93652245030166	0	0	1.80975169625638
Gpi1	2.49691413313459	3.46391782936793	2.57545844605796	2.06429008224312
Gpx4	3.21806932582694	3.61526536927681	2.73811279113411	2.89749545013623
Grk6	1.77761329953712	0	0	1.91623074836043
Gsn	0	0	0	3.1285158457488
Gstm3	1.23185451230836	0	0	2.07841806115662
Gstp1	0.964467987794902	2.51766122773266	1.84572191445544	0.622717501628697
Gtf2h3	1.58048264427196	0	0	1.90456098041172
H13	1.85240181527774	0	0	1.92637614648391
H19	0.52902348075203	0	0	0.808576833635355
H2-T10	1.91970134090153	1.97718210186186	0	1.47648596131165
H2-T23	2.21575709998297	2.43749963198553	0	1.07895386362823
Hbs1l	2.02535183668302	0	0	2.165410007337
Hist1h2ah	1.45325721482135	2.3712966036861	2.2516101689374	1.27884742230941
Hist1h2ai	0.744888730299272	1.60213112157851	0	0.621699064981653
Hist1h2ao	3.14549510565701	5.14591095196646	5.34241763498482	1.83552353156992
Hist1h2ap	2.56257390283238	3.14068657976755	3.733748865391	0.651977009989086
Hmga1	2.62369058026692	3.94179139508054	3.32393238015769	2.02892995817404
Hmga1-rs1	2.62459715312894	3.95113628478954	3.32949639768871	2.02776998071037
Hmgb2	2.85853019977684	4.15738531205823	4.37985304549083	1.72861769031959
Hnrnpa3	3.11879597137979	2.49501985835507	2.63780324782811	2.55051824679145
Hnrnpf	2.78810799430271	2.76590322328514	2.7226003295756	2.13433553985528
Hnrnpk	2.11788448507033	2.05101470751189	0	2.28863962403048
Homez	1.54216574230885	0	0	2.16461363302488
Hook3	2.05611828238975	1.91989798813244	0	1.79600478434149
Hsp90b1	1.66780430429973	2.38374291852982	2.45621958077618	1.70549312224655
Hspa12b	1.72665321744654	0	0	1.88182124352756
Hspa4	2.59039081943948	2.65874583473922	2.63559535064495	2.20386526255781
Hspg2	1.55752311153018	0	0	1.90528432047193
Hyal1	2.10965232880161	1.68190366088695	0	1.87952810599755
Id1	1.02536781167004	1.91007309510425	2.48981370555456	1.14958594666229
Id2	0	0	0	1.30609865144907
Id3	0	0	0	0.887882994299869
Igf2	0.519637686775266	0	0	1.14846971732313
Igfbp2	0.89434864161952	2.39324466579223	2.31993667412684	0
Il12a	1.02426893661601	0	0	2.13092304398428
Il5ra	2.06773599293778	1.59158923700628	0	2.09643482139073
Ilk	0.678899240517816	0	0	1.80824473348624
Inf2	2.79516484804971	1.70344436097493	0	1.28552938390119
Ino80d	1.79755930340148	0	0	1.64058354894307
Iqgap1	1.5234280156194	0	0	2.35274738898442
Itga6	1.59105646139696	0	0	2.08809648193106
Itsn1	1.77247649271887	0	0	1.77299729985407
Jarid2	2.2954161418429	2.11677429242496	0	0.98975759632956
Jmjd7-pla2g4b	1.73427377484253	3.8992408848544	2.02812553936911	1.28272363486295
Kazn	1.9701260147829	0	0	1.88751497822999
Kcnq1ot1	4.31784574209137	4.36741203526044	4.07389324791985	4.25490497654911
Kdm6a	1.49538745164419	0	0	1.98904790941235
Klf5	1.63820449115777	0	0	1.08615481127489
Klf6	1.00637559270761	0	2.05687448114691	1.66664318140993
Klhl7	2.40629777129231	2.91047094400135	1.92063582571499	1.34898558661678
Kpna2	1.5162019421801	2.04502299053359	2.49611932649648	1.59612153383002
Kpnb1	2.2772928098211	2.53095204855047	2.46925458364186	2.46867925947476
Kremen2	2.28292070250472	2.41874421770994	0	1.83672164613614
Krt18	0.69464537713241	0	3.09373247681577	6.07201555803017
Krt19	0	0	0	1.94340579883543
Krt8	0.614151899031211	0	3.18678020571833	6.04727584689881
L1td1	2.40893110343217	3.06265356073209	2.12196691283238	0.699248087633181
Lamp1	2.24478580089626	1.73858365546716	2.12103746661681	2.72016091624391
Lcmt2	2.01648850558746	2.7108588345614	0	1.63341936545299
Ldha	1.71566654602772	4.27867539798044	3.51252638886229	2.04968935570577
Lepr	2.06823003285404	2.72860612624821	0	2.0378274353049
Lgals1	0.746935796574769	0	2.48490627374144	4.1527364088062
Lmbrd1	1.80989993002073	2.21529371669875	0	1.50971151542726
Lmna	1.11085954312644	0	0	2.17299117359066
Loxl2	2.56554677542727	3.30520859304703	1.879726632726	1.62416462296404
Lpp	1.56420792411591	0	0	2.65676122853909
Lrba	2.00370213021458	0	0	1.85083981924171
Lrrc2	2.58907539292306	3.63995220557539	2.3753060250338	1.83484117090181
Ltbp1	1.94315281476799	0	0	1.65817836708273
Macf1	1.98694198583279	0	0	2.18968375008811
Madd	2.40126286092742	1.76118515193699	0	1.52252618633131
Malat1	3.36497052922928	2.47660025710244	3.63780218202983	3.52297980165266
Mannr	1.77557186728563	1.8786029409009	0	1.44576013785021
Map1b	1.46264633341521	0	0	2.01467140911192
March5	2.03780177179324	1.85072670649422	0	2.02658975829044
Marcksl1	1.73282944948841	1.59391867471284	0	2.33908862102246
Mat2a	2.19161113146445	2.97855520172122	2.61407871509708	1.7443966251286
Mcm3	1.78163731811266	2.34947583248314	2.22522951922386	0.973481203437834
Mcm5	1.9075499957687	2.38312909722691	2.24691310331825	1.0533917066084
Mcm6	2.00487455427852	2.5112201300787	2.31283394088572	1.51441333667368
Mcm7	1.90069857970875	3.05473127981619	2.80991329776357	1.29077495670281
Mcmdc2	2.32205472575127	2.54225792242844	2.21776776156082	2.09351600886773
Mdk	0.683182398038496	2.80852205430989	2.58007699067077	1.90689620439442
Mdm2	0.968881079871605	0	0	2.11811609092937
Meg3	1.8732861988992	2.50481976479009	2.24691310331825	1.64341104514908
Mfsd11	2.46658054365928	4.46828752763846	3.25610035475167	1.70189291300498
Mgl2	2.12075881910859	3.20643197061364	2.37457581318535	0.920001955581856
Mid1	2.51370769875301	2.66240306803363	2.99161281007912	2.80564635432089
Mid1ip1	1.86158508596225	0	0	2.92084814813745
Milr1	2.15504831230459	1.51164231118516	0	1.57068315654567
Mir690	2.6027039037354	2.16159751427671	0	0.480303028617961
Mir692-2b	2.3798544590534	2.49501985835507	0	3.27707962585188
Mir692-3	2.3798544590534	2.49501985835507	0	3.27707962585188
Mkrn1	2.64255024630555	3.48212574375483	2.12159501960523	0.665185988957576
Mmp19	1.98694198583279	1.59596309335075	0	1.92885117386985
Moap1	1.81146242354881	0	0	1.68852683578613
Morf4l2	1.80040140184976	2.03400268379416	2.41177003107368	2.18324032788413
Mpv17l	2.58479135239948	4.88467945789553	3.12827234566709	1.85995725139838
Mrpl43	3.06253699744833	5.23896492160539	4.19436061786901	2.47224922720591
Mrpl51	2.80483398910512	3.55996365375553	2.66046529698957	2.07436993507048
Mrps26	1.73265397162566	3.46569337390529	0	1.05972078819684
Msn	1.45241012838777	0	0	3.06192493653528
Mt1	4.04215412327919	4.09790225954557	3.29251004506151	0.661517826607301
Mt2	5.08755090899794	4.79483295002812	4.22536503699269	1.26344095853446
Mtf1	1.60410021639101	0	0	2.24941250613601
Mtfmt	2.03726608937184	3.94118696105535	2.18133205076432	1.93780953078657
Mtif2	2.28817461287402	2.65660046580044	2.04741478826325	1.51485387296141
Mybl2	2.18503628294106	1.9975404874854	0	0.663718169779674
Mylpf	1.85160910584085	0	0	0
Myo16	2.35757144355298	0	0	2.39547934555693
Myo1c	1.79755930340148	1.93133310365699	2.01896912076717	2.55260694884551
Naip7	1.61981202741786	0	0	2.23313521864316
Ncor1	1.84309657004586	1.62418995118423	0	1.98489682923534
Ndor1	2.07011491224411	2.15212762788912	0	1.83275787912391
Ngfrap1	2.53183481916173	2.53095204855047	3.11062879297182	3.46347526515808
Nkain3	3.82552006407732	3.97284085940082	4.08900445055696	2.84531910490095
Nlgn1	1.43119029543732	0	0	2.02398542448817
Nlrp1a	3.40914872094011	4.62160223083051	3.44081345382831	1.70840179382113
Nrros	1.44713996788988	0	0	2.47840297937386
Nsun6	1.70585066396057	0	0	2.03344168613474
Nudc	2.36152464977802	2.89655156126158	2.42833448628114	1.7043367842903
Nup98	1.83005150036445	3.51612344876688	2.20954638205048	1.43085212468863
Ogdh	2.29367428928201	2.85424065542841	2.29127822433703	2.18444381407235
P4hb	1.49030506080549	1.72711763253094	2.53995797077691	1.83011267646993
Pabpn1	2.111657357834	2.15212762788912	2.35721285719706	1.86301309271111
Pard3	1.7743988841291	0	0	1.7359714059331
Pbdc1	2.13458992589461	1.87231052765641	1.9964102178131	1.94697751343518
Pbld1	3.41239815961495	5.20437571206522	3.07002129232173	2.64284882637612
Pcbp4	0.600009503239697	1.60686592019075	0	1.67369441945121
Pcdh15	1.77742749689561	0	0	1.82046370596725
Pclo	1.94535425466956	0	0	1.97540869948762
Pcyox1	2.42561420076844	3.17411891641035	2.31283394088572	2.30882485206341
Pdia6	1.88050005842523	2.19291665953735	2.66596496996088	1.86469648072654
Pdlim7	1.31413076192454	1.6140262159806	2.55616751852805	2.66670365385491
Pdss2	1.48584351063734	0	0	1.98949962798437
Pdzd2	2.19291665953735	2.72568478979261	0	1.7398496707701
Peg10	1.98402093073892	1.59596309335075	1.78208569572966	2.22627060672353
Perp	0.872498147405619	0	0	2.25547072842694
Phb	2.04325042553705	2.9821959988133	2.5532540329799	1.39822416688153
Phc1	1.65248915237881	2.81325959394373	0	0.768178159103323
Phkg1	1.83447263977161	3.72285731019004	2.13659124320416	1.63202137001715
Pigp	2.23688616438	2.83022340647394	2.35721285719706	0.552967787883434
Pikfyve	1.61626154978818	0	0	2.29805249955401
Pim2	0.612000051796085	2.54225792242844	0	0
Piwil2	1.54427131846128	0	0	2.3004110981225
Pla2g4b	1.73732740362548	3.8992408848544	2.0271219802993	1.27257127545691
Plec	1.95266089474794	0	0	2.54183282938214
Polr2e	2.01907953439606	2.80852205430989	2.31397599464154	1.43251320878241
Pou5f1	3.57201536220797	4.2396237999217	3.31984928952282	0.713115088819721
Ppan	1.76599227467335	2.03400268379416	2.02195520703032	1.17877150942477
Ppm1k	1.65248915237881	4.16408212322395	0	1.51303742373144
Ppp2r2a	1.41369151466466	1.53095213301276	1.52272401632837	2.00486602415402
Prdx6	1.8486263650673	2.65317698755294	2.48490627374144	1.74905568569518
Prex2	2.58752005729534	0	0	2.77323656852254
Prss43	2.26083733739502	2.62151237313051	0	1.27815720249509
Psap	1.38362827833468	1.66705254141897	1.879726632726	1.72772014573458
Psmc3	2.40497029564893	2.39890290328353	2.42499932336876	1.84086842200384
Psmd13	2.09107157376548	2.20689000152462	2.33710661264919	1.54545629699767
Psmd3	2.18396574792541	2.47113066986875	1.89005145702248	1.16580118795016
Psmd8	1.8757654125722	1.93402878253427	1.96566161762144	2.14179479619726
Ptbp3	1.71713643031759	0	0	1.88625461805436
Ptcra	2.51506586068351	3.74146969974952	2.28916030634707	1.93812434586498
Pts	2.62275650404938	3.71961246403409	0	1.19175816091619
Pus7	1.93023732918126	2.22066247054671	0	1.59209821073389
Pwwp2a	3.15458319191794	3.37578949919171	2.21138987109062	2.92850849641218
Qk	1.73429331118058	0	0	2.03656192280023
Rab11fip1	2.02815901118128	1.54633771010048	0	1.74759493824438
Rab33b	2.31169324518588	2.05101470751189	0	0.952045467589157
Rabggta	2.12651637106021	2.48844812725229	0	1.56829636678024
Raly	2.28294528459664	2.60876847398186	2.41252846089381	1.6954548277464
Ramp1	1.86908511482658	0	0	1.80376980383156
Rasl2-9	2.74178444621982	2.76732970041968	2.07046602953892	2.06862421566224
Rbbp4	2.104359754247	2.04127754014577	0	1.59791632590684
Rbm8a	2.42295248682948	2.86551238816819	2.2475522335082	1.77316850363301
Rcc2	2.3972704840366	2.5842664676179	2.33945049278764	1.41922159984823
Rft1	2.4395581905742	3.14803254145323	2.13772602246459	1.93801553768002
Rlim	1.50175818506248	0	0	2.36393254271378
Rmi2	2.06909745678651	1.45357514823138	0	1.36138621323694
Rn28s1	5.17444902878338	4.24482006329322	3.77731943289859	4.1026960905258
Rn4.5s	4.50966731577034	4.5165474491318	4.05585095284335	1.51695537621079
Rnf10	2.27814541864585	2.06573762912478	2.02812553936911	1.82867512772707
Rnf130	1.61110058625268	0	0	1.73721903791531
Rnf145	1.98848617674593	0	0	2.30382169031805
Rnh1	0.674157599116554	0	0	1.75474091743967
Rora	1.71054396973726	0	0	1.94386111134841
Rpgrip1l	1.66458774504553	0	0	2.17715350853153
Rpl7l1	2.96782213171459	3.30520859304703	2.52202517035301	2.42594497158243
Rps15a	3.52980130735219	3.81457419627337	3.25114706652385	2.92155556359988
Rrnad1	1.79657541286377	2.34781744360656	0	1.3657804269105
Rtn4	1.44418058715762	0	0	2.09453766897747
S100a10	1.39396723256933	1.46877135630283	2.27919159753257	3.0023595307531
S100a11	0.407075815748403	0	0	2.12616485512867
S100a6	2.59994428559609	0	2.31283394088572	4.77106855513747
Sdhc	1.66834173831379	1.44253634621656	0	1.77561319814961
Sel1l3	1.31149115585033	0	0	1.99585291766655
Serpinh1	0.805465934425493	0	0	2.06655309134654
Sfn	1.58615081529844	0	3.32305624244038	3.2205006989958
Sh3bgrl3	1.34383412755454	1.6140262159806	0	1.98946759036104
Sh3glb1	1.51372299940188	0	0	2.10892642375893
Shc2	2.05347206008258	2.08981454799339	0	1.3635757462627
Slc10a1	1.69798316506235	3.16950245711244	0	0.92904000677918
Slc25a4	1.61419279659936	1.60686592019075	2.68726254043185	2.06610900150992
Slc25a42	1.41242010846742	0	0	1.99737894499539
Slc29a1	2.2260970115779	0	0	0
Slc2a1	1.51505560032635	1.97718210186186	2.49172863259153	2.34931073851142
Slc2a3	2.30447002517489	1.82101942219391	2.57204513951844	2.33581996204592
Slc35g1	1.75731222957642	2.9787715843147	0	1.42566582190801
Slc7a14	2.05631267168679	2.90833625989256	0	1.68598725787701
Slco1a1	1.76140357251658	0	0	1.64229502140433
Smcr8	2.5900800813376	0	0	2.29020033360404
Smg1	2.54081984479042	0	0	1.85251542438584
Smox	1.19106045617072	0	0	2.08826980375317
Snhg11	2.25834061618196	1.76118515193699	0	2.41005701731726
Snrnp70	2.01604824593017	1.92819899756229	0	1.3384713729436
Sox2	2.08498251919627	1.53095213301276	0	0
Sparc	1.82973190424972	0	3.40775447826555	3.45363149372206
Sptan1	1.69279211857304	1.59091122700555	2.52598299100247	2.63472399541324
Sptbn1	1.74762343738136	0	0	2.28828486839425
Srm	1.7963914647804	3.05695600470012	2.60731099771891	1.32375268643662
Ssbp3	1.01274768442225	0	0	2.00472852199395
Stip1	2.43860256304797	2.90705066623223	2.51780170735362	1.93145891066599
Stmn2	1.59028221464349	1.62418995118423	0	1.07998823343837
Syne1	2.11069254980999	0	0	2.0983475507832
Taf1	1.96592855815382	1.98264351183075	0	1.63846323507445
Tagln	0	0	3.17334822356306	3.24912040294886
Tagln2	1.05418408933685	0	2.47624068015575	2.93226447325228
Tapbpl	1.75856883370119	2.67902009303677	0	1.11079750930342
Tardbp	1.95288727583952	1.64849942424753	0	1.77809161128314
Tbc1d16	1.77848095589947	0	0	2.31756626255943
Tc2n	1.52824298454398	2.71736585098577	0	1.20395661099287
Tdgf1	2.07636796727794	2.33710661264919	0	0
Tdh	3.00697810980762	1.2597833788702	0	0
Terf1	2.33400970630067	2.40886810892374	1.78808840514792	1.38919888427943
Tex19.1	1.87205518556087	2.21776776156082	1.71604806429525	0
Tfpi	1.48199103498376	0	0	1.99713710632286
Tjp2	1.46755272601536	0	0	1.91978749155605
Tlk2	1.8801202862555	1.42084215140584	0	2.08540834270603
Tmem126b	1.15071989648233	0	0	2.11520408632489
Tmem230	1.61212987156271	0	0	2.24574422972537
Tmem263	1.89047852974885	0	0	1.76299201363483
Tmpo	1.95984307403721	0	0	2.42458426464967
Tmsb4x	2.72593443017673	1.73858365546716	2.73811279113411	3.42845410301323
Tnfrsf12a	0.555537644242387	0	0	1.92110027492786
Tnrc6b	1.74084328140248	0	0	1.70389499996504
Top2a	1.68442578298963	2.34250605779671	2.31557715673828	1.26905532554648
Tor4a	3.49082982407659	5.24602638726718	3.7554475986612	2.63627833279506
Tpm1	0.890027269703881	0	3.17634825551325	3.32560810731713
Tpm2	0.682787758655594	0	0	1.89416944250568
Tpm4	0.511889273095007	0	0	1.7532634902248
Trabd2b	1.4624180579338	0	0	2.35439628720882
Trap1a	1.62277269254469	2.0241181982803	0	0.590296175624739
Trim28	3.72943791998423	4.38193808149493	3.49486836468562	1.93536113787664
Trim71	1.86505264451702	1.67125053379502	0	1.75436599865741
Trip12	2.43736995588072	1.60666802165004	1.9923855657314	2.64216134457315
Tsc22d1	2.37835446472827	0	2.04741478826325	2.44491467283433
Tspan15	1.97831374384371	1.84977749572245	0	1.05373243127564
Ttn	3.5157804107743	1.31091790351088	0	3.4964666135034
Tubb6	0.910887678194341	1.2299057612018	2.35769100175397	2.97163329545315
Txnrd1	1.64801790306833	2.03332901043576	1.85222055671277	2.05598427316233
Tyw1	2.93166727955016	2.41823533984223	0	2.48738482303597
U2af1	1.62156006938759	2.67530465850475	2.43297101777825	0.891146363173746
Ube2c	2.15175690654463	3.20563947150616	2.35125583160186	1.54262634352779
Ube2s	2.48315940700037	3.61154918844215	2.78750180165167	1.42491627507102
Ubr3	1.52589761783815	0	0	1.8895012762579
Ubxn1	2.16124142749737	2.16159751427671	1.94505026766107	1.66476164311402
Uggt2	1.97166114707906	0	0	1.60414959376909
Usp9x	1.90919885247993	0	0	1.73067966284399
Utf1	2.20261490906132	3.01082070664084	2.19492876933455	0.8439286056369
Vdac1	2.47570155629255	2.21776776156082	2.12196691283238	2.00631082603572
Vmn1r58	2.19883129410748	2.71773483268413	2.16091783238734	2.20286368321383
Wbp5	1.4945706102613	2.10046516131458	3.22373690248269	3.39605773573461
Wdr26	1.39327763309698	0	0	2.47334634752897
Wnk1	1.54231647074407	0	0	3.16301517141128
Xist	1.87333268826674	0	0	1.73606560563994
Xpo7	1.96472798192918	1.47794037196948	0	1.84250314282151
Ywhab	2.04888236714087	2.20241182357884	2.38509468192141	2.57515502576436
Ywhae	2.51005763564594	2.69257171379589	2.3495943974793	2.18291948555099
Ywhag	2.42236480422353	1.8956206105223	0	2.14136155445964
Ywhaz	2.66402061592317	2.71773483268413	3.05602850504606	2.96947794293921
Zbtb18	2.30058572141319	0	0	1.43464601698172
Zc3h11a	2.05296364579976	1.88402477777303	2.6184085466134	2.12948396773586
Zc3h12a	1.80980533114248	2.35411064188201	0	1.49119440756296
Zdbf2	1.68827996578957	0	0	1.74922096897777
Zfand5	1.76871307141241	0	0	2.23555615884997
Zfp385a	1.49325584745047	0	0	2.15759147291688
Zfp42	2.18407523399522	0	0	0
Zfp706	2.50488911661441	2.01574569648926	2.59269685848993	2.13176857690934
Zfp870	2.46776388018281	1.51164231118516	0	2.65589396131363
Zxdc	2.14208918429388	0	0	1.8069946512938
Zyg11b	3.01697711616765	3.68179512393848	2.57204513951844	2.42209102972451
