2i	a2i	lif
Tpd52l1	7.84238051649895	6.90277851450959	6.08192580493332
Lck	4.70025434791137	7.42606837438554	6.88213220739221
Mkrn2	7.5922533944795	6.81185306672649	7.05534717102535
Sept1	7.99939813525446	9.5514072638205	5.76376759642601
Dnmt3l	0	5.63883967775268	9.9856402372245
Zfp512b	8.26928788288478	8.57648087868188	8.9665703634256
Slc7a7	0	5.85341504467064	8.30388437347296
Snapin	6.82564339900903	7.74102269274087	7.26874041795702
Col18a1	4.4385508511334	5.0512994465052	9.16276920972782
Tubb6	8.81933944220752	8.37496216313188	10.6288466434676
Folr1	8.0687343598353	4.46697730890311	8.33466799660643
Zdhhc4	6.95912670778134	7.10510452245923	6.13402782861879
Hsf2bp	9.31009524359144	8.79359748600328	7.26494943289506
Stat6	7.70746688490913	7.84746894859269	6.01053396052422
Vrk3	6.92903655481513	6.13107800691761	6.21598142295228
Rhoc	0	4.66268254293273	7.56277687586577
Gmpr2	5.20850432126803	5.51441773114275	6.38364535642316
Dhrs1	6.90538585674096	7.65980136091318	7.10925453082415
Rgs19	6.93177847640023	5.51632798041033	7.99197725450862
Pla1a	7.92494339192227	7.03744659288516	0
Lamb1	2.42094362881864	0	7.92612009107919
Klf4	9.61278930168088	10.1421472314757	7.03512071520187
Ap1m1	9.45873239766066	8.84019933788313	7.6013844228141
Elf3	9.63022389511765	7.73567130268762	5.60697146007613
Sri	6.06547072765187	7.00741778670967	7.45461607591857
Abcf3	8.16989870048812	7.81910125976135	6.69682763280908
Ap1m2	0	7.82658918313983	8.63254097469518
Pld3	7.87191940155822	7.58201721851597	7.59902210738033
Fancl	7.94839374716716	8.08231541732933	7.59403517111889
Ptrf	0	9.61069575209078	7.84637918573776
Spic	9.24833080236487	0	0
Tbccd1	6.42942550311908	6.01371595555606	4.59815696747116
Cnn2	1.77363088681539	3.84664359127363	9.39795463319592
Plekha8	5.33888988892979	2.71516703818046	6.26332340631378
Slc1a3	0	4.5902891219384	7.7271018495662
Nid1	10.4893183905777	7.5253268855906	4.30634894754812
Hmox1	7.35923584890541	6.75922991794698	8.3361460174039
Kit	9.8175079235865	8.13331765524531	3.48012526495811
Trh	1.76116360612326	11.4602699445421	4.6320051328052
Nr2c2	8.57995273927835	8.38498951466177	7.63647639108038
Calcoco2	9.41052969510342	0	0
Inpp5k	6.91570185331576	4.83917411430394	4.05596696379435
Crip2	7.54587840447044	7.38954661557044	9.04347897391643
Elovl1	2.22236472354789	1.25802032209242	5.84659903668408
Pdk1	1.03077798898675	8.42670392818695	9.12819906869871
Aplp1	4.39904740001739	7.95583408026979	7.67674210577659
Bcl2l1	7.34309738492582	7.04195807945296	7.54083391975617
Id3	5.83020675284753	9.33280797127825	6.31143765316527
Nfib	8.46607839343009	8.32697571351557	5.63223658171682
Tor2a	4.30768724874689	1.84379455415178	7.20002349594697
Snap47	7.97189157759246	8.37765248825499	9.24200718127693
Hyal2	6.50447363121838	5.81689164701379	6.34364676347972
Nprl2	5.00415163456524	5.81881805552857	5.73912339866033
Dazl	8.4759945801607	1.96032318095946	1.40248533099273
Phlda2	0	2.7771482626673	7.73056594154032
Zfp296	8.33455915215158	7.94486803651424	5.17454939856707
Amotl1	6.61790018986495	1.94609263708336	7.65436914991749
Ly6g6e	7.54842045117512	6.4893410753635	0
Tvp23b	8.36361997539609	7.07278950400408	8.12512687646986
Surf2	5.45180966548396	7.46428446962622	7.03992545916424
Cers2	8.03910258107857	7.82451758802126	8.11522110136807
Ctsz	7.31850444280725	8.83154667731092	8.4657995882897
Pls3	8.25691822827457	4.89018274072021	6.41091547354363
Cr1l	7.36822125559541	6.68751408825844	6.08017006815704
Aldoc	5.09297658911848	7.73904187891996	5.50850395354363
Pipox	8.42245776608756	7.58761386143623	8.41725333155888
Mlx	6.50447363121838	5.74247135674643	6.78982517559499
Nkiras2	7.28089173704099	7.65730147466342	6.68123060851543
Ptgis	4.20491178281199	5.30115380302145	7.39516505860926
Anxa6	8.30796621909228	8.70323887078501	8.87513048845435
Tbx3	9.43613930516017	9.58743877796304	0
Dusp14	7.51004720858562	3.26792952846768	4.79872302767931
Pnpo	6.8127388200037	6.8373277563964	5.99680479099485
Cpsf4l	4.73327221071857	6.92591857620573	1.40750035585305
Cd68	5.6622577063545	2.0648282159945	3.81575794621592
Grb7	0	7.5704141836927	7.59107079726456
Pex3	7.33787324172641	6.17095226981733	3.43976175486701
Plagl1	8.237824866127	4.582713099371	0
Qrsl1	7.37942313762073	5.69740546459817	6.65038543825603
P4ha1	7.21824175797852	2.8026319849775	7.19155037847697
Dusp6	0	7.60128437100414	8.0058916788379
Psen1	6.81226114262868	4.33728797820053	6.71886134408029
Nedd1	6.24791049197905	5.5147141533786	7.38099245572184
Enpp3	0	1.53141969728613	9.26091655938257
Stx7	3.50861999017485	4.38638395848665	6.3296604678606
Grb10	5.748041282948	5.27624604551287	8.50122761204882
Ddc	8.18801057686465	5.44012736916922	5.40244956317157
Irak3	5.6859176731577	7.42536320818485	0
Pus10	7.23510409811031	7.08484985344123	6.32886469633873
Asb3	6.74808685159169	6.3980896028078	6.27720020437174
Gfpt2	6.72902997564258	8.44571529064428	8.6948988862087
Btg2	6.84649758821372	0.806761325173585	6.99894720492246
Gatsl3	8.352449278931	7.40590576546531	8.27394059381528
Tom1l1	5.48637898383876	7.39112946346877	7.65726417545329
Sypl	8.47859116583359	8.98415831023317	8.69618589279798
Lpin1	7.14033641467409	5.48714403456064	4.5213562286174
Hs1bp3	7.71884266777639	7.80644526912559	6.45914249744458
Id2	4.8270000829525	0	7.94152303114657
Bcap29	7.51264120764617	5.44720697666051	7.43832686657155
Dnmt3a	2.97876724003989	6.41471385511556	9.68011260166852
Pecam1	7.93531672958662	7.06630455077059	4.94216212786424
Exoc7	6.66949851346147	6.62718034831514	4.65203966579289
Myh10	7.03263962692976	5.30419456275477	9.16855139166472
Gosr2	5.78519081131337	4.55812812549116	6.62007862214298
Gstz1	6.0952277165994	4.76409384668028	6.28954346823781
Tmx1	8.49178005904231	7.11606973086168	7.6821401308896
Dhrs7	6.51707037098961	7.86736148680093	8.27177992277247
4930447C04Rik	6.01769853744406	6.13479520017226	9.01428356827208
Lgmn	8.63965086241137	6.34076288340862	7.30568908803336
Fos	2.96267050801095	5.44322034835519	3.78639201723691
Xrcc3	3.44708217444483	6.06465186419657	3.95315665027758
Aoah	8.47661523098447	7.11103518159417	0.874928776604114
Tbc1d7	4.12593893383813	6.64255633561717	7.33007718821141
Tpmt	6.09927469202706	6.21202541863514	6.10758022309989
Fars2	5.40467419936213	5.86565033624613	3.43043051275075
Cast	8.03302433265559	6.3582357129235	6.37472772426796
Rhobtb3	5.69566628340819	2.87750111196252	8.38811821025119
Glrx	8.22785479058924	5.71428228148957	0
Vcan	7.27940860968165	4.0512959410557	1.16141756274374
Mccc2	5.8620065690426	6.81315789031224	6.97288180446723
Ptcd2	7.93526459537587	7.97973386042289	8.16069171430514
Hexb	8.26392539452629	8.81836369885016	6.73584123340453
Elovl7	7.42954561451347	6.64322842199643	0.796611879377241
Plk2	4.78535934310995	0	4.5155554479882
Emb	6.85901029047447	8.51373305730165	10.1946127500213
Fam213a	7.7622872171035	7.10667424851821	1.77233771528735
Tdh	11.8216509752634	11.9479310395385	9.66866751437649
Ephx2	9.58044219914502	10.0941897196814	1.44937519379552
Dpysl2	8.72148688727928	9.72991892908875	9.97891762378898
Nefl	6.0924697590983	1.98381234540693	6.45835885767404
Ttc33	7.13893847894989	6.8634734001792	6.75693200787851
Sdr39u1	5.75307907856296	6.5780609756525	4.7378639818247
Sdc2	7.83767098257063	6.12799827371493	1.52349096581889
Dpys	6.96425389000252	6.27096310677151	3.96853409366399
Stk3	8.16944677164203	6.52622506978757	6.53686200595438
Slc38a4	8.9162537374498	7.07474149366706	9.55689772850595
Pycrl	7.31955625118679	6.62512693908619	8.28166778839999
Morc1	10.3538515619189	9.67393497902517	6.95312782828093
Gtpbp8	3.26621749667416	5.93725184793045	5.37700825793915
Arl6	6.39517460052107	7.5080720822524	7.01132657175862
Riox2	6.68055245050482	7.77976212049567	7.97441863452777
Cldnd1	7.59997230505443	6.57795868571209	8.30845365534933
Klhl22	10.0012104415481	6.50042531046167	6.51173916832606
Rabl3	5.84877536850911	4.31300153551696	5.48848899178359
Gtf2e1	7.6259411055739	7.08516955410676	7.98171698747335
Fetub	6.8375468029687	5.63659058734221	0
Dscr3	8.46058590044736	6.95535782779343	7.16234829597652
Ildr1	8.05036222785061	6.67594459467543	1.02492526704411
Noct	7.40620610324172	6.88765647005506	9.04730802228892
Fhl1	3.43296334641607	8.12957740309936	7.15024448634934
Vwa5a	3.47163762267775	4.54180042052975	2.21996191977499
Acy1	8.21784798832441	8.06017003300486	7.50433029871537
Dtwd1	4.86953481598226	6.77104231420147	7.73369199541867
Poc1a	7.26969520574361	7.43108528768532	5.1024806542483
Stk31	6.7937740242462	1.05103355887332	4.22980032823092
Ccndbp1	7.38923059587434	7.61287671632362	6.92749521903698
Rps6ka2	6.77484786221096	6.95130039821814	6.75623146851436
Cldn6	0	0	9.47656925804474
Abcg1	8.5903268744883	9.29607241480958	7.64275661685686
Wdr4	6.5499488994778	6.86490031794555	5.21021867550105
Cbs	6.5841101847527	2.66157707794609	1.25087132249358
Qpct	7.12351031225221	0	0
1700061G19Rik	8.55082014096953	7.73139530016753	1.43400080222449
Spry4	0	7.9178680922976	8.72759582923331
Pggt1b	5.38255532851726	5.20269079732048	5.03797257291976
Hsd17b4	7.56259129392115	6.92724628698055	7.94730039257283
Pmaip1	0	2.3235885682287	7.56368826395322
Smad2	6.81986687887817	6.55801927112376	6.90155753345688
Sall3	5.89503400862983	6.97986823366269	0
Timm21	1.42261303018201	6.22306562848159	7.84734730475801
Tmem216	6.37374876957915	6.71050154760744	5.99955255515373
Fam111a	5.10184574947432	5.28145018528835	7.82412180223533
Rad9a	7.38469933673496	7.40771400705433	5.5537595813331
Fam45a	8.39484382104305	8.08932585944406	7.96762895131093
Maoa	5.75199841046633	7.40848423110629	8.14904039318187
Nr0b1	8.66259878405014	9.13415491794248	6.22957316622104
Gsto1	9.0247021589611	6.92708421743951	7.3153634957379
Ablim1	7.13480440148335	5.46088604725346	0
Pycr1	8.68504864423449	7.82687576029459	7.64681193471269
Btrc	7.97215346673922	6.70880051600382	5.6584512211367
Hexa	9.21555214592417	7.90518269670288	6.7506211110334
Bbs4	5.99113267189143	3.9294427873187	5.72942512027079
Tubgcp2	7.55104316462207	7.05046692335294	6.59633003125916
Apool	7.23132148284132	7.83251357560849	7.31201457037256
Rps6ka6	5.94940165288648	7.48976719359828	8.85507557603399
Slc28a1	6.84682476664798	4.70121048719959	5.57046824361594
Prps2	4.71191122341822	6.55614731926525	7.52395096522387
Pgm2	0	2.73556756598775	7.50306421670418
Adam23	0	8.06387460991315	7.86071375602921
Kdelc1	6.76527754800736	6.87947122273435	7.32484946921887
Stk17b	2.24479302424505	3.44876288224689	6.88529134704794
Osgepl1	4.76114689989266	4.64840904668698	6.37531166448862
Ormdl1	6.47382275941009	4.83846300843834	6.75898395328328
Plekhb2	8.29756757069977	3.18643519296687	1.94938099435468
Pecr	6.68729233487158	7.1711511824685	7.45942239470965
Epha4	8.87667910666868	4.13752287240121	0
Mterf4	5.76998808420965	6.797094961533	5.98759397505365
Inpp5d	8.98262683604593	7.70887400599606	5.97304588221012
Ccdc93	7.41506316329743	3.7184619317113	1.45096944303149
Cd55	7.11565957393424	0	0
Blzf1	6.99261306652749	6.45398277022042	6.59462820923333
Fam107b	7.11592717569615	2.88121101042558	3.81493393019793
Phyh	8.6355960809159	8.79576713875362	7.83897674456043
Dars2	6.40918864107971	7.29506426040841	8.34051733500131
Vim	9.03361060322428	9.73279734725785	6.10577140134472
Fam188a	6.95483977793518	6.35743965163102	7.06219521974173
Rbm18	7.59715168829956	6.57616907797816	7.25848763474341
Gca	6.42643342034332	4.60262244028744	7.36141730143897
Ly75	9.34683076058412	8.95463032252781	4.68448764072307
Tfpi	5.99364078875804	2.35554225140489	6.02031965063489
Commd9	6.49315853163821	6.52789553247341	5.54824537986386
B230118H07Rik	5.50495034375078	4.72434178775914	6.47746816088342
Galk2	6.81604566848433	7.35757157936654	4.90749963858191
Patl2	6.27271475191951	7.15063558429843	0
Lrrc57	6.81176988867128	6.22733362080394	6.3697270393644
Ubox5	4.23410565940265	4.6674603779695	7.01523750362207
Ndufaf1	7.68037482619232	7.92476704253232	7.44643521814685
Chac1	4.5088817009828	6.82823989184135	4.65863864650216
Tmem230	6.92980502559426	7.25045918772544	7.47191967456853
Spred1	4.35384634944769	6.70123420973844	8.58487113263885
Rbbp9	6.9046602443408	6.51697515893631	7.57924698253998
Dtd1	6.26105389863315	6.85317136057399	8.85165962774706
Fabp5	6.06894556102399	2.11786752278043	6.71139543950899
Car13	7.1022424722634	5.79041934958341	2.87221977889912
Car2	7.1817043892161	0	7.41169821274744
Gss	9.30447732954442	7.8750206659177	3.50537849050351
Nceh1	6.71609061148454	0	2.87109085626712
Lrrc34	8.95993872986237	9.85728259242166	4.96647387237955
Anxa5	0.843103717208926	6.76513678290166	2.24183234825504
Mfsd1	8.28006553088299	7.64571522606368	4.85705146611258
4930579G24Rik	7.22426036189609	7.38607808284399	6.86943905223713
Mme	8.33916277221616	5.98926375196474	5.27915179245311
Stxbp3	6.18661957496256	5.20821470152133	5.56007493229105
Dram2	6.50296720634317	6.77339094712874	5.59515388666818
Hormad1	7.73403052731703	0	4.2647340061428
Manba	5.31707671102	9.78125980245596	6.20587709661269
Adgrl2	2.76428905412366	3.10077649893261	7.99739864348008
Rragd	7.47134920869803	8.04415572219223	5.31668218390405
Slc35a1	7.65735127617886	7.70996298792374	7.50756908789135
Polr1e	7.05231348967008	5.71504739008977	7.44069242030306
Aptx	6.18962265973046	6.11771144296207	7.37045279776719
Aqp3	8.77739366888785	3.5222970423786	0
Tpm2	0	0	7.61766891463831
Creb3	5.72047619521709	6.43252906887939	4.28894975678154
Sh3gl2	7.81560587555692	7.54224875207915	3.76980094524889
Plin2	8.70387532443074	8.39083182247708	6.32831873501092
Dnajc6	7.69886967980806	6.53571618278589	3.19328533904934
Dph2	5.45411938876648	5.11781778601791	4.5739108540801
Trit1	7.19296434272565	5.84699169335415	6.15657613601445
Ppt1	8.665021454128	8.03452211067499	5.90853396830059
Hmgcl	8.01328125376915	8.06991091485614	7.14441782981933
Mutyh	6.6897627151431	5.28145018528835	5.90886548480063
Alpl	10.4353194592588	9.7142896199247	7.58990267801571
Mecr	4.74158418502503	5.14221467784993	6.04223921890656
Miip	6.21300800510639	7.95252704252601	7.96805705689485
Cd38	8.17610402835672	7.456791384046	0
Afap1	6.70815288683577	5.663072158008	5.14044787424525
Pgm1	8.61307950026824	7.75508514591781	5.26926201729032
Pi4k2b	3.55966637117048	4.75829060688076	7.48193779949174
Gnpda2	4.7007092123947	5.28482019492057	5.76421167907607
Aff1	8.11801106173713	7.86613885467772	3.53505943512387
Pla2g1b	8.15482032124547	9.43855486251135	9.0515992575567
Tes	8.87559045842212	2.15422291612815	5.9291806880977
Ing3	7.87716765244038	7.40861391936676	7.25535239306165
Pcolce	8.51920613279634	9.42423914682057	6.67357146836384
Cald1	7.48957216671472	3.4023885418383	8.36530420772374
Zc3hav1	10.7090329231568	10.4486514090786	8.09063049691554
M1ap	7.56136364310698	6.91353831431005	0
Foxp1	0	6.10321635435424	9.31780836110637
Abtb1	6.87437098957149	5.44612427869075	5.17263864753342
Tmem43	7.17298789927342	1.4734588938117	4.62405371073895
Edem1	6.45637059861902	6.83492693415848	7.78749375938093
Rad52	5.37846688942774	3.10612202889218	4.6719420887921
Dera	7.95589071663337	8.21839445358232	7.80440746478313
Tdrd12	10.317213258308	9.16018310545478	9.23618388297022
Faap24	5.0317949567749	6.31595314140082	5.83591845323841
Rhpn2	6.08942363236121	0	5.73077618218227
Trpm1	9.20321035674444	8.2757280970297	0
Lrrc28	6.87604861488675	4.07334912812496	6.07900162106198
Ctsc	8.74621294222507	8.37779084793838	2.78097663876029
Mfge8	9.3289054506964	8.41748135231858	7.78336733568066
Tmem126b	6.93271546284762	6.88876783177263	6.74955541204822
Calca	0	6.67372947777657	6.8703383941802
Mylpf	9.99005547480343	10.02497378508	8.33243333733067
Kat8	6.5076039733267	6.85114986351455	6.98208926161278
Oat	9.85673637854025	9.70201456884527	7.39661657850924
Lhpp	7.23042870624523	7.70468767764639	0.293940322498773
Dhx32	8.52475796617123	8.00783492072861	6.87434549704677
Mcf2	8.66620581458855	8.29828415246648	0.978529875959658
Praf2	7.06770014274202	7.13864984052188	7.66100743103325
Pim2	1.8433845475813	0.940324194635903	6.35345075626466
Ebp	7.68268365532031	8.63878229286651	5.87747232359162
Itm2a	6.09557925260907	6.97221341631753	4.64007333725967
Sh3bgrl	0	7.04424558064813	7.89130043416847
Mtm1	7.38142926576443	4.10198846129853	0
Nsdhl	7.78920382809917	8.67849983272563	7.72573192518993
Ctps2	4.34535802663076	6.99136684750275	6.98376043288052
Haus7	7.94896309126437	7.32310802763806	7.22058533505542
Renbp	9.75371739228991	10.1645365897479	6.40548924951548
Mpp1	8.25139227815174	7.1144438389252	5.96735051932345
Psmd10	7.48567705575908	7.84586314287734	7.56608709358748
Sfrp1	9.99893986235363	9.42168080930763	5.54694842323033
Tm2d2	7.48415793065928	7.71404892952554	6.93873467294262
Galnt7	6.1371672385402	0	6.38718539903914
Casp3	6.42929883951849	5.49022911799366	6.64519820102357
Dhodh	7.6723119561173	8.02506085271622	8.27338388687509
Coq9	7.43103189841417	6.4621043540943	7.45068448885572
Usb1	5.79240597067243	0.903314534347862	5.85700790096881
D230025D16Rik	9.48426530028152	8.45300198832011	6.53932543200329
Jam3	7.45756496627487	6.54922757621431	1.09891564818789
Acat1	6.78866007360629	6.80403822186164	7.3016980061042
Vps11	6.53828103648743	3.29229775461996	4.17428008221658
Fam81a	7.58908682222076	7.69643486843648	3.2147760064551
Anxa2	0	0	7.32351682840332
Mpi	7.51967914766952	5.17117658830623	4.73063776241819
Clk3	7.3365526914539	7.11124562603951	7.02025329412067
Plscr1	8.23427760105512	8.12605585106801	6.63733857997736
Snx1	7.82057861220972	7.1168523726615	5.33601773105874
Mras	6.47959442984163	6.18964483253333	0
Wdr48	5.99968212640738	4.57193943455332	6.11932980122525
Traip	7.62641266137727	6.89358266666489	5.20485160045453
Slc25a20	7.62443550389467	3.82411991342018	2.78079320798126
Nicn1	6.13699371951283	6.19410992885973	5.96478356308403
Gpr19	5.93029969201528	5.22017511682219	5.40420527095518
Trib3	6.62860140500481	7.77990360114725	6.48492379406374
Alas1	7.08940874355349	6.17817471215762	7.28861009123106
Pwp2	7.14597389820435	6.99029474978656	7.08612009368466
Hspa13	5.38184984622752	4.31403219273571	5.20440098981267
Nlrp4f	7.97591232377413	4.27665695863015	3.32961339402552
Pfkm	6.19988823147273	1.04591158360841	5.5756835368066
Lpp	3.01268017918903	5.51836618988391	8.10318211349094
Arhgap44	7.38014898524663	5.93944071901891	6.02379921180551
Armcx1	6.40713690642667	6.44314750578219	6.63361677985211
Rpap2	7.11364669971338	6.34698621267055	6.62747850555138
Fam208b	6.35073003220853	6.22844239679681	8.90919696853645
Alg3	7.29220593611908	7.75983458668867	7.79268908446731
Kcnk1	4.79282239362372	0	7.74607930516167
Hsdl1	9.55287734464927	8.932975516754	9.03762453572256
Ints14	7.18724861326644	6.78429962368732	6.67158298178533
Ina	0	0	8.30299834431912
Ube2f	7.14615019092331	7.257686109265	7.92496515088071
Fbxo15	10.6413154649581	9.98252877770231	8.54098905452987
Pja1	6.11080491601426	6.08096552891201	6.6616298642085
Trmt5	6.50115893885784	7.10117537658062	7.45741087857758
Sec22a	7.07232373905896	7.58935334986005	7.03162275679585
Mad2l1bp	5.17547636008474	6.61264571400254	5.3547410652967
Myo5a	1.19461782335771	3.13135914514963	7.6971560694096
Tmem109	5.13401927640848	4.42942364947389	4.2675883009291
Dpp4	7.57942355947711	0.978965082146236	0
Mitf	7.98642507608321	5.13270978618966	0
Fam175a	7.4863311012896	6.8505023557576	6.20962254631497
1810055G02Rik	6.29150253783295	6.14138334459876	6.25778960780672
Ap5m1	5.10403609584848	5.23578096013616	4.70900635847595
Rnf13	7.60179397020071	6.79141411555693	5.3244272380756
Psma8	6.33883845635914	2.09731886233501	5.6594576297694
Klhl13	9.37545093354562	7.13205610747071	10.1198119219198
Acaa2	8.78897432773182	5.20225859021907	5.80201691505143
Zfp157	7.60393405490687	6.28049962159142	5.43511023278227
Cnpy4	7.84397785941431	8.15513146580706	8.23340471851225
Zscan21	7.18796427947405	7.31127747875855	5.40612529270045
Zcwpw1	5.39651820832776	3.81880563561103	7.2388821231116
Mavs	7.8464087910914	5.90269936369523	4.96146402519958
Ldah	8.12476489336824	8.46885966951881	7.71631721877993
Tspan14	8.83892630396116	7.98279820737723	6.31690937017147
Fbxo8	6.72374112239661	5.59535554457696	6.4339061152001
Usp38	6.57535653419761	5.31340898522495	7.2889744997144
Pigu	7.23172584747153	7.73270577041724	6.60945027636864
Fig4	8.45837778936503	6.99407936335369	5.60604407792083
Egr1	5.57398281925336	9.09218390775426	1.47069073676245
Lpar1	9.7944034715155	7.36235925979847	0
Sccpdh	7.160963136099	7.53102158700352	5.49148454204228
Mtg1	7.65740376119344	7.65414287726219	7.87823826762538
Pigk	6.73658110872161	5.77085819030709	6.06690350684075
Eme1	7.0114762078634	7.21916001992352	6.95431123338694
AW209491	5.67989763872723	7.23232908538703	8.08967965554723
Nubp2	9.28613661256076	9.47659206373415	9.20438091104344
Lyplal1	6.40816766085558	6.60436512222977	4.89402524220773
Tex19.1	9.1085136227599	8.31961931969269	7.8634865693476
Wdr45	6.84338638363133	3.32068125921512	2.48849726551226
Capsl	6.63895069048985	6.17927490775033	3.72079881693573
Htatip2	6.81732477551499	6.55712474961687	5.71395170023924
Tmem120a	6.55656390708236	6.77387289898176	5.91589636026508
Fkbp6	8.33339855935259	0	0
2310057M21Rik	4.93472136986908	5.30183556178309	5.13314712100619
Kyat3	7.3691525229194	4.48447897118075	0.47469151493022
BC052040	6.54577884610126	7.04999145339807	7.23066717742444
Pex2	0	0	6.3245416571051
Wbscr27	6.38223759662182	2.29124436857645	7.28662142259134
Gstm2	8.27157580711166	8.05764997251918	6.6058591515342
Cept1	8.08065549480907	7.91772242624659	6.50110943623415
Tex264	7.36011779831164	6.48960855441687	4.42485223590076
Abhd4	7.47284633711778	5.57348084872151	7.2818278798829
Mul1	7.184356012028	6.71408871885512	5.58334798404139
Wrap53	7.57520652770548	6.1351194521757	5.59061331277583
Tcl1	10.64099537037	10.0481784027182	6.88885465531805
Hibch	4.78211264011853	6.82032334285635	6.59361293362921
Nthl1	5.94686649975475	3.22165914787151	6.04907673966422
Enc1	10.8677702961025	11.648379696468	12.046467162757
Nxt2	6.32860683986359	7.47963765405768	2.84105153133305
Gjb3	9.95576202373067	9.33248647625633	6.28481510579245
Tsen2	7.15480907740861	6.92519725676898	7.22753402023141
Prdm14	8.1830909815019	6.19414871660773	0
Wdr55	5.72220484210222	7.02305997736626	7.15672194971898
Gpx2	8.84221519554242	9.54040187723477	7.13891334807965
Ccdc141	7.50333178465875	8.41304051251551	0
2900011O08Rik	5.6494147676802	4.34766419499935	4.94108984178497
1110012L19Rik	6.23629062996858	6.73502531022479	6.02938882923761
Glb1	9.48374722659326	8.71663461007657	6.54475633501523
Pqlc3	6.8866861497631	4.85537877707904	4.5672259340194
Dppa3	9.90130997767563	6.10284148761737	9.40504151973834
Fam178b	7.30583329382564	5.56070668804396	2.78523632205469
Golph3l	5.88989617824575	6.57265158349061	4.66228264834417
Ccdc66	6.59102588957596	4.53400226763081	5.87107455753917
Zfp445	5.54317994820477	4.90935459011552	4.84643761306746
Cd24a	5.63461186183995	3.30238526224665	6.81198742294868
Utf1	6.35802778323933	9.41788831664346	10.4308617461477
Ino80c	7.39688572006122	6.17441141826496	6.47959879652714
Taf13	5.5236328968045	5.71037417652958	7.11403576306725
Asb8	7.86827790111976	3.56453816201826	2.44526894002055
Ankrd46	7.02632131519892	7.16992794854942	6.68365088081703
Pdp2	9.23378984809433	8.17328306801895	6.42435332402264
Myof	7.31624759738791	3.64570775171358	0
Bag5	6.34952653281729	5.71520394418666	3.53929653307336
Tdrp	8.21841011979418	6.44764107408092	1.30409590519328
Zscan29	5.79240597067243	1.62873775446209	0.599803103921991
Gja1	3.39182253221956	8.5855284451217	11.1333355377798
Lin28a	0	9.77225310031894	10.102333933413
Gdpgp1	5.74213110951308	4.67939328243812	1.16283080489741
Commd3	7.59019065826147	6.03931388171092	6.47302156096496
Tceanc	4.838721634273	5.47482506073922	6.35224051473076
Spryd4	7.11497367138398	6.79656986654334	6.28284750006786
Vamp7	6.69942956680339	0.854874455237173	7.13830111404102
Ttn	9.21744419897229	7.21918483715276	4.65228408539642
Mest	3.37145119898169	6.47464152014296	8.44243764766031
Serpinb6c	7.17451298783664	3.1873652037827	0
Oas1a	7.43334735616021	1.53141969728613	0
Jam2	10.5174157963446	9.59550662541279	6.14719530192185
Epp13	7.51693463130331	8.25866216512939	3.70588882882004
Skp2	7.18019476366764	7.84022281469162	7.80619971160034
Mgmt	6.06390120714352	4.49205030639679	6.69668474483371
Elp6	6.06514635077584	6.55632334715721	6.08679502925221
Zfp819	6.8680152464553	5.22166105255981	0.804244805656066
Arntl	6.31764054493868	6.46001861691487	2.11620102108806
Mettl4	7.21155839728757	7.56547017108205	8.38142430551276
Pgm3	8.29552560254139	8.54881241863721	7.41615865490856
Mok	7.40497096055926	4.59970049124728	1.38705089499636
Rab31	0.795262262338266	6.85678606182866	8.87543343524755
Birc2	7.59197208104686	7.1301013520478	7.90094270086995
Yipf1	6.60675978532357	5.5309516024856	4.49047949017815
Rnf169	7.61884222726302	6.92252815278269	6.96732051875324
Zfp930	5.80098280185867	5.13774053498794	5.17512051765756
Zfp868	8.79172560519694	8.41848265681855	7.32795189881737
Rnf14	6.78694407519629	7.80078075184492	7.56098055336867
Rpl10l	8.61447522336576	2.21063303832639	3.566928362909
Eno3	0	0	7.73615520723828
Zfp143	7.01210668880855	6.2543501852262	6.61498325471365
Fam195b	7.40504671046128	7.80819908315831	8.63691649993229
Fmr1nb	7.60452340158295	0	2.18057197672346
Ncs1	5.40660741214159	1.33222023436978	5.55706055422484
Zfp35	7.160963136099	7.1526838544222	5.64458959517904
Slc39a4	6.46285835990405	5.90894480367631	6.07961431832386
Pepd	8.4607966940696	8.71319223290701	7.71701294783339
Nr6a1	3.82681934114107	6.14526573627956	7.7087834004043
Snora74a	2.34893670203807	6.83547178056171	5.97950532811416
Lefty2	7.23574232548143	7.34093441398844	5.23966885884161
Fxyd6	8.15204720052153	7.34822045508321	6.42176674413505
Tuba3a	8.6614876456374	0	1.16342613972292
Zfp948	4.64716001856475	5.78022177282373	7.90860978720334
Phf11d	9.33404205096886	7.77208049668931	2.10010983182904
Uty	5.70871941335701	0	1.14350509582836
Cgn	0.730218738180455	3.09020432831857	9.43901699252119
Ddx3y	8.25048470145985	0	1.03569423642718
Eif2s3y	6.16195622867285	1.55684723254744	2.37470120851108
Rnf213	8.42934015985136	4.86973145302901	4.90272347942903
Rmdn3	5.13772970415155	5.23895139738225	6.25019689297405
Tbpl1	5.97113364056634	6.67594459467543	6.44032174853274
Ccnb1ip1	7.06307949112759	7.6213147435377	6.3777242749643
Nt5dc2	2.65554201897993	3.18483493378651	7.95531854717348
Gng3	5.10421668165689	6.31048441305481	8.30039014233858
Nup62cl	8.15755159026849	6.9208847659058	8.69000821870927
Pnldc1	5.94804378140128	6.76811316778588	5.20533183669599
Ggh	6.84450847828134	5.2401525740035	3.69567813324841
Exoc8	7.3392044216133	6.22375775452182	6.84818395812027
4930513N10Rik	7.71627243776056	7.05551288719144	1.19390676735294
Crxos	8.91429846185718	1.99896104511848	0
Arrdc3	6.43442729807605	6.93583563600079	7.80603875157373
Itpripl1	6.12742841795242	7.95268652130745	8.15095067063249
Accsl	8.13239154422074	6.73502531022479	0
Bnip3	6.61937761540899	7.8938331158565	10.5383388684756
Wdr92	8.16727945393709	7.4143306700113	7.52162458657156
Gm7325	5.21822331320264	8.77284373349962	7.54327520551679
2210409E12Rik	6.99958659258177	5.69881479613237	0
H2-M6-ps	8.09560860910662	7.62966303117538	0
Gm15614	3.17855769201769	0	1.49328485492441
Gt(ROSA)26Sor	2.42094362881864	5.26883127107709	5.64815503930916
Gm13580	6.90249298249235	4.56109237817218	0
9830144P21Rik	6.23207670696225	6.18856891938481	6.53759083104617
Platr22	0	7.06973231805524	8.58892344525437
Rian	6.46409768429468	9.49935846896791	9.51334545011944
B830012L14Rik	0.608540126511259	4.67939328243812	7.46831260347883
