A549	GM12878_B1	H1437	HCT116	IMR90	H1_B1	K562	GM12878_B2	H1_B2
TSPAN6	7.61926708301112	0	5.52078741921382	7.61399785823396	0	8.99542880296469	0	0	9.33327562076724
LAS1L	1.56398389861822	0	6.12851869202313	7.73407774860529	0	6.60421634304699	7.92587142151538	7.86356051131535	7.47321797200834
LAP3	0	3.69325145066472	2.48144745482923	8.17868093489653	0	6.56668116251576	8.02492254983717	9.48994589804265	7.95092950587148
CIAPIN1	3.08357921287767	0	4.89703978561498	8.83700133077383	0	7.37495982647948	7.88298223473831	8.2305073559492	8.67360308436265
GGCT	6.47989714934013	0	6.30661211150846	8.62689871715144	0	9.14077166923716	8.92594997295794	8.51565761482204	9.56851664521917
SYPL1	8.07475398016925	0	4.90286265964881	9.90986691846884	0	8.40578705172059	7.29530255450115	8.76932340953189	9.01112041531649
SS18L2	0	2.77877197357117	7.09332808225125	7.05585530827259	0	8.14165413028845	7.73832472481046	7.71543139189899	8.0918048660594
MGST1	11.9534077207267	0	6.97314830534854	8.46950709876815	9.33020536943471	10.9721416460773	8.20205562863739	6.52330374805923	10.8882968486214
VTA1	2.53430015888252	2.16043689100077	8.54068170764427	9.30517099113538	0	8.53321789773723	8.30798809979353	9.29801457093573	9.3612699349695
UQCRC1	0	0.902514606307739	4.7134656260902	9.87897953908909	5.97316003869029	9.04114530955317	9.29682173169455	9.02100662620317	9.10592014175827
STARD3NL	3.59461325390228	0	3.33032363550909	6.17612436874659	0	5.87888504061752	7.09747201337922	7.83530957712448	7.96203715273952
CD9	0	0	0	9.43437015134164	0	8.32277636563235	0	3.12733515820389	8.64457780577916
TCEB3	0	0	7.10993567885593	9.15490401192294	3.76316531377674	8.05035696039384	7.54383789028769	7.97904413562437	8.41547445814525
ANLN	0	0	5.76599067000778	8.90310702797433	0	7.45590002901151	6.204919380506	3.6530893721855	7.65902941985306
ELOVL5	4.57833081231049	2.37370356967007	4.11617109104358	8.60426944611898	0	8.84330451404613	8.45502603499207	9.69989112915429	9.32583735968458
CYP24A1	13.5285394252561	0	0	7.82803852442173	0	0	0	0	0
CD74	0	13.303902026789	0	0	3.9408490471257	3.4845319674204	0	12.2792322671235	5.59053507170927
ALAS1	0	0	0	7.90263399692877	0	4.94749154142562	0.316914070581706	8.28742744576279	6.40187816736436
DEPDC1	0	0	6.58167809337489	8.77746130671298	0	5.60656939068386	3.17867540018697	2.96771476278998	6.81970840459557
CD44	11.6640610718924	3.68133400510259	0	10.5001957940022	11.6871618384692	0	0	9.01384737279927	0
FAM136A	6.44450174818461	0	6.65566432286931	9.24333757784647	0	9.05465805747819	8.34645013229032	9.10069044428203	9.4165800638882
VCL	4.76785434748062	0	3.54552025308974	7.9306546811818	5.70670082736861	9.32007319034169	8.42733340247236	6.86062514473603	9.96983444146805
DEPDC1B	0	0	2.058810057337	8.0570155746873	0	7.80690929652628	4.68830996844091	6.96156774991311	7.94817364393058
VCAN	10.5442304240491	0	2.09367320212846	0	2.07279620172703	10.6625411369652	0	0	10.1206556123799
RAI14	0	0	4.40308642135481	7.32023486177878	10.0789118103538	8.97722778596906	5.45533652468904	0	8.85978394747816
ZIC2	2.20876000763334	0	8.54061538039545	6.73336957957165	0	10.0444861107926	0	0	10.1738012383438
NOP16	7.82446518361095	0	6.78319253317931	9.74350445225551	0	8.48039248270123	9.38866397978139	9.09871685636673	8.62051662554198
CELF2	0	6.45426322397003	0	0	0	6.00758609276795	3.2180144843207	9.18670530835079	5.77412954854107
MSMO1	1.61959353214827	4.64968478783651	5.09902487726014	7.44352166590897	2.72000811729474	9.80247050578522	8.36808399270256	8.10858601267789	9.62372707367625
CYFIP2	0	3.0523536465613	0	1.78829931807267	0	4.29430929955258	0	9.10884827655724	7.459542047971
RIOK2	0	0	3.3461271487471	7.81140784275254	0	6.641226502497	5.82130353662243	8.11965354920581	7.87131317242027
NDC1	0	0	5.264351087069	8.12210447638054	0	7.7057771553803	7.33303726593008	7.57382600342483	8.42089973558961
SLC2A3	0	0	0	0	0	10.1378873000165	8.02393212034037	1.99626187785649	10.8471151758709
BCAT1	0	4.56042796178496	7.10942210217489	0	10.4964504323668	11.8466879331307	9.30133945663626	10.1244728279796	11.0934010597505
ASUN	1.40150758066655	0	4.5776306816033	8.72744636307782	0	7.53834475790155	7.60624461623059	8.87857313365715	8.37870891873204
GNAI3	4.64411705022311	0	4.76270360215338	9.64579218053587	0	7.61177365342412	8.52267726532815	8.74919227150967	9.116933344739
IPO5	5.50971184569776	1.24164332246753	7.19930685027066	9.97189890491913	0	10.3471138160654	7.37122222673601	9.96694485642777	10.419603983941
OAT	9.94056473336711	0	6.2606722884072	10.025416468011	0	9.29896626871823	8.77444026968477	2.73097963363157	9.80789659263311
MCM10	0	0	7.50572190766566	8.19691898917379	0	7.65501324484065	7.52722673913335	5.49971410654872	7.19556452921099
FAM107B	9.03062279331242	0	0	3.82524322221417	0	2.28147793417179	0	8.39969063736214	4.09438857507439
ASPM	0	0	7.59696000811427	8.15385310474678	0	8.88049663697171	7.47028956017765	7.1245965226957	8.61069092106217
IDI1	3.72067336942773	6.38681282194442	4.98649229903535	8.39641424749455	0	9.20822993006516	8.65522147572668	8.78100336802387	8.96344281560997
PFN2	8.33164115950844	1.03118470262323	7.81067988632892	9.97840871498702	10.9783234645398	8.59206314868289	0	4.2954180057053	9.18789854546264
C16orf80	0	0	3.04877072725513	8.35944591808834	0	6.70933261251273	7.1344166428363	5.95060108022337	7.05574786445184
WDR1	0	2.25138837079643	0	8.29595076707529	7.69456911860473	7.80917954348153	6.70103753425712	8.62386961488847	8.19305899399214
RDH11	5.8110941853357	0	5.83641145386673	9.0439941180943	0	9.36490518878898	8.00659318698813	8.54441051767509	9.68147794502981
TFRC	0	7.65895024421048	6.51363844025404	10.730209852818	0	7.32108406451956	10.8462384632351	10.6822310165825	9.11358255864689
HMMR	0	0	1.96902599351685	8.14342888379038	0	7.48975501543326	7.52660987330336	7.06751267620887	7.98740060866671
ST6GAL1	0	8.38124053163499	0	0	0	6.10002821873508	5.10016381807523	9.26940337269367	6.87987556277415
PTPLAD1	8.84089972550209	0	7.53519293797254	9.14915040649476	0	8.99901330726061	8.62836343556803	8.12119139309178	9.62807160098881
SEMA3A	3.6323089471975	0	0	0	0	9.0838292943949	0	0	8.81538455870661
MCM6	0	0	5.64286793603646	8.45635490887018	0	8.24924067874864	7.67499572855409	7.76797375735174	8.21348902396065
REXO2	0	0	6.3954731848391	8.54899428727756	8.07003832023133	8.77418596086766	8.52096147676007	4.97534470313625	8.49795467154678
MLH1	2.62268859099465	0	0	4.3267699296278	0	6.06536201325045	8.10196544296057	8.89404906528342	7.79072158936807
SPAG5	0	0	4.15151495694676	8.40027069944702	0	7.23066039118196	5.71868960441464	7.93390204900431	8.22684630206857
UBE2T	0	0	7.65488876993048	9.09075023356311	0	7.71851172132637	8.18626161854946	6.93791614051179	8.35462716982659
C12orf5	3.88336718686232	0	0	7.60833678947581	0	5.25663882180875	0	8.62760197171021	7.43194980314692
ITM2A	0	0	0	0	0	6.21991480586834	3.69802944567964	7.33134114994794	7.071458599888
FDFT1	4.54637404008885	4.3105883149405	6.07782309427969	9.46969866688754	4.33928540309658	10.8598634912566	10.0459779885374	9.81239669402945	11.1356326478595
KIF22	0	0	3.84341093023929	8.61692530970573	0	7.53365416211667	7.57042304510688	6.74354701190007	8.00926431191424
LRRC16A	6.23281196926424	0	3.61084362901577	7.54005037083034	0	8.50759075390349	0	7.05462808173807	8.61968493422434
SMARCA2	0	7.54566175440866	0	0	2.09501525210481	0	4.13492548534119	9.40950282931884	1.0427618930323
CLDND1	5.27188554372737	4.90196444926777	3.61210533030376	9.84055205278802	0	5.93963037761629	6.04122304574707	8.07711565222211	8.67852045638564
MEF2C	0	9.23040220280944	0	0.996748749429224	0	0	8.19180862757205	9.9684634733824	0
FAT1	6.57866020346186	0	0	9.04961967432707	3.76075929422661	8.03035596481705	2.30592134986318	0	6.90951281432696
CTTN	9.4752525713973	2.07423233235468	5.33741298654984	11.5205992419188	11.392083331689	10.6935974859694	9.6585657389002	7.05188650103156	10.4530535283787
ORC1	0	0	3.49637721393289	7.60360416329798	0	6.66988389862398	7.4786090996367	6.25236714331086	8.21490312929757
SEPHS1	0	0	0	5.85414789330466	0	10.1627362339702	4.40111992113077	6.2645898889504	9.01722021335234
PSMC5	8.49606135768806	0	5.3966310529205	10.5931939743999	7.2731287845586	9.01920841381125	8.9359019705898	8.99008576149181	9.48716136155228
DNMT3B	0	0	0	0.826559098258874	0	11.2930058610953	5.44300993704475	0	11.3101894994637
TPX2	0	0	6.09523727439465	9.66870157193037	0	8.85944291363422	8.47988067214378	8.16790453151232	9.37490004010397
DLD	9.18168053791102	4.95001124262523	6.42633225375253	9.64011394889382	0	8.68634230367234	9.69585860830081	10.0867099867787	9.62228146544214
ITGA6	0	0	0	7.81287505231411	0	9.16783746903309	0	0	8.79440014729897
ZC3HC1	0	0	3.08975461163493	6.69714088023533	0	4.14286987740217	7.99034438225449	7.30709831076219	7.90905488555733
SLC7A8	0	0	0	0	0	8.39263243210301	0.652298733430077	0	8.58832857721827
SEMA6A	0	0	0	0	0	9.01702278220656	0	0	9.01600964253579
PHGDH	2.97267387592644	0	5.56577479492306	6.66509853178221	0	9.34434620597592	0	0	9.34588420565385
AGO1	0	0	3.2304922979404	5.24520742002709	0	9.11943116880735	8.00058892594191	8.33956073641803	9.39377606787831
DPYSL2	11.6608787120724	9.76945753003023	2.96765179614746	8.45267819108165	8.20298912029564	11.5516087084839	0	11.4253966364417	12.7189716809431
CDC6	0	0	6.55046456324921	9.09161223718377	0	8.45915620620345	6.22896735944076	6.43937643054154	8.43931100916716
MSH2	1.58007194445112	0	5.34411906961699	8.20294746256987	0	9.87461420875418	8.28640580437392	7.92732835548246	9.92601793264832
PSMD5	4.94462775124583	0	0	8.48106023521437	0	5.97433258839587	8.55498596024671	5.05009210280678	7.35784289405958
DSP	4.6699273052384	0	8.3293709277336	8.70378408230706	0	5.47464435579431	0	0	6.59729633479034
ACOT7	0	0	2.46919732514715	8.87233955144347	0	7.03297112413496	6.72318352541415	7.13503752021386	7.25806014140126
CDC7	0	0	5.11485202601735	7.12114131703667	0	4.45474060645099	5.24441590164327	6.84020816929456	8.01275525360003
SCD	7.62345269620648	0	5.74348097478173	10.3150197906268	0	11.8468949132636	9.74658693649629	8.25671434708854	11.4315163766785
ABLIM1	6.60512403811854	0	5.66988753236858	9.06434898298498	0	7.03511983952267	0	3.64524800591381	7.47690772893055
CRKL	0	0	6.50253667253942	7.41574637660861	0	6.36291072282209	9.63133509880251	8.40473570934216	7.88611990220116
LGALS1	5.25662254679614	7.39927975551717	0	9.03264618352421	12.2879238425542	0	7.66677202648055	8.81322823491564	0.400375283003851
RTCB	6.90128955453175	0	6.2424088174866	8.67184173138417	0	8.68826539685428	7.90124052338453	9.94188609038627	9.63640676671529
MCM5	0	0	3.33032363550909	8.40285551777951	0	7.77486929084321	6.85043441362784	8.14480537011623	7.69280773334861
RBFOX2	0	0	5.83506422194657	7.60551296280385	4.83451855327036	8.24353922365961	1.54715262249265	0	8.08138759052214
PRMT5	1.50248288079276	0	5.89498975775025	9.54266761238826	0	7.0453985568754	8.67966172486455	8.47899084522867	8.461932234968
DAAM1	2.49351005523968	8.38121018383531	5.5293423636269	2.22387018381873	0	9.8399605723437	4.83558487452236	8.67363101841088	8.89918171024873
GSKIP	0	0	0	7.16098071706346	0	5.97433258839587	0	5.92672127218468	7.91017253337548
GMPR2	3.2676573206414	0	0	7.48338206204604	0	3.94642127635727	4.05375618496474	6.6240609729444	7.88143638458007
CSTF1	0	0	5.07111946856319	7.38749205786351	0	5.79508979525122	6.71266072146594	7.65651661926017	7.83980256552173
RAE1	4.60686855551098	0	5.33741298654984	9.18799572575498	0	7.10088737736795	8.12402732595209	8.21764279443484	8.51058894607501
SEC23B	4.45053008533938	0	5.53262017088037	9.25544015251763	0	4.5200569261041	4.88274723339353	8.61111570447568	8.23672825753981
MAPRE1	3.85768858148576	1.24164332246753	5.71222900970007	9.2465162320575	7.28266895980445	8.4611517127913	8.34504068939234	9.46725676637172	9.34692547934507
AHCY	8.54076419157013	0	7.29209917901982	9.92888206078452	0	9.44537812043226	9.00994154502892	9.31477629426598	9.96334226945962
PLP2	7.19332669015768	0	0	8.48924035792512	0	0	6.93377215911193	6.82854681744599	0
SMARCA1	6.13453284442571	0	0	6.77405939532145	3.06469179533546	7.68579883063351	0	0	7.31437356830438
TSC22D1	6.46647188752602	0	4.35771840606774	9.12331473733819	0	7.77934576467845	0	0	7.76657267730872
TJP1	9.01073694071087	0	5.67311984466392	7.88073936631123	0	8.92358277606484	6.16973797493902	0	9.15479368685784
SCG3	0	0	0	0	0	8.23498693863427	6.36906954822585	0	8.65169062947903
SFRP1	0	0	0	0	7.45978527587364	10.3749311744889	0	0	10.5685475351663
ESRP1	0	0	0	8.0336748295212	0	8.10911842398809	0	0	8.67104624030623
PPP2R1A	3.34794393699485	0	4.70916078261485	9.36908280029034	4.83451855327036	8.47467195268593	7.64343279010273	8.48817405015554	9.16972895528023
PON2	12.0580233475352	8.39601017049961	0	7.95631311817008	2.57372238244018	7.64984307254399	3.29633215943538	7.90651804123769	7.61015906187984
CAV1	7.41258037506363	0	0	11.1468163799714	10.2001755576767	0	0	0.322494763755531	1.08074612677278
PTPRZ1	0	0	0	0	0	9.2247802541222	0	0	9.07864127998727
MEST	3.40813000814233	0	0	8.23662185654875	0	9.66637542120527	0	0	10.234924539416
TGFBR1	0	0	2.20323756982211	3.82980240937637	0	8.3961796282288	7.88560214783296	3.91226552941032	8.60127200237153
LIPA	0	0	0	5.40301446734589	0	4.83346522825416	0	6.81785887155837	8.30081951606937
DKK1	9.20814986495944	0	0	11.3582724069198	0	0	0	0	0
GLRX3	4.1427991050099	0	5.33741298654984	7.84587929169184	2.72000811729474	8.22859035657901	8.51372594349806	8.36154875008223	8.63783786395664
TMEM97	6.74670321716467	0	4.7011208681649	7.55419794134559	0	9.5943926826128	6.73450650708262	7.26681413050604	9.30496916449411
NCAPG	0	0	6.20066811338649	9.2989451616676	0	7.49823420076729	7.19369890894086	7.91320844259995	7.51268084905038
CTSC	5.28833583386077	8.4895543422697	3.03471162993028	6.69690707329122	0	10.6591608586319	8.6761494297908	11.3534684620018	11.2357825891733
SC5D	0	0	2.058810057337	6.60464637482814	0	9.07872533004098	2.57040573454479	4.69329746416507	9.38356540420357
MDK	0	0	0	7.01628552702323	0	7.45217644800639	7.22952114621906	0	6.14023979192506
SLC35F2	7.87859621594034	6.77516910245416	3.878586953512	9.76137609884115	0	8.6552337501637	9.44321302518113	9.9238856544502	8.90088720079637
KRT18	9.33757305652279	0	0	10.355058113005	0	8.74519804912591	8.61725780803518	0	7.68305729508958
LTA4H	7.83554333215027	0	4.6866631784921	8.62174932323886	0	8.56052875452367	4.58207966378801	8.69824785525653	9.69740619412833
ARHGDIB	0	10.3828311297673	0	0	0	0	4.40628046365279	12.0008430736548	0
RFC5	0	0	6.97888696288024	8.83781397495772	0	5.50433883847298	6.58666582600907	7.2303148757623	7.89782658840332
TIMELESS	0	0	2.75422699821771	8.17382999989037	0	6.53555460374975	6.78465694818869	6.61814672747008	7.68311785285988
PAK1IP1	5.99583056397953	0	6.60874245058603	9.30334057296091	0	8.9811023018969	8.6258506465129	8.84403817610836	9.18345889793211
ASF1A	0	0	3.87235983590721	7.69969885081134	0	7.77913580677606	6.94372034247022	7.02354791033378	7.54648103786923
MCM3	0	3.73368505480829	8.89230618798776	10.2163352323722	0	10.2710294540055	9.42104194880545	9.88373498428734	10.1494628054292
GMNN	0	2.8965533917118	8.70362579058598	8.40336001406253	0	8.61424799210439	9.26669529374499	8.41124218425824	8.67290581282723
PHACTR2	7.99048000407752	0	5.9731774877588	6.91519767089959	8.49215216584097	11.2073770147764	8.56993821612155	0.780242709144837	10.4785688090852
TTK	0	0	4.8163482787783	8.06644291240988	0	7.25640491859797	3.95752894077719	6.36847739365346	7.96267291975485
HMGCS1	4.93363479254627	7.04922786290665	2.75686110350829	6.07295916316256	0	10.8643072336239	9.89654660647058	7.80858425326654	9.93347333497248
SPARC	0	0	0	0	11.7577918863437	8.77946023343623	0	0	9.93208170640996
HMGCR	0	1.76530349227349	3.2304922979404	8.07431713419515	0	9.43515890854886	6.57567064934353	7.48031316269108	9.28050038057991
CCNG1	0	3.80237003207763	5.17671519987477	8.71946147575602	8.27612256559206	9.41505259028423	9.1557228605959	9.55786094360671	10.234310759911
POLR3G	0	0	3.54552025308974	8.57211015287656	0	10.0612859891052	6.24719441857438	6.22205267374249	9.48427342006418
ARRDC3	4.29894298183108	0	0	7.2822296091553	0	8.20940280588179	9.65117234042157	2.52033653999611	7.2787995333294
GNPDA1	0	0	3.82210619455428	7.53296549539014	0	7.88522104226237	5.91836440924983	0	8.40743530674707
NR3C1	8.97851864598208	9.6730582749145	3.75129892778085	1.83755661606097	2.07279400218774	0	4.37862309230209	8.97358288042234	0
DPYSL3	0	0	0	0	0	9.24665462529048	0	0	8.99940332748005
UMPS	4.98724234822963	0	6.59270628463045	8.80877539380184	0	7.50786890496673	6.02133170602117	8.40606388416844	8.72723946291118
MRPL3	4.46359283076814	0	5.06289020879144	9.46420386600599	0	8.98482430113559	7.91418560096841	8.60853749661328	8.84756764339096
GCA	0	0	0	0	0	5.14127035444528	0	6.98841904213071	7.5883750763271
CCT4	8.19017841114277	0	8.38963098116737	10.6620899352388	0	9.5905747602295	9.13369591560129	9.36770914647805	9.73392406582301
ID2	7.47133797434025	8.02443499151601	4.90286265964881	5.9422796347974	3.43521791362834	3.15599923807567	0	9.97011730337054	6.34891840292462
KYNU	11.6305873841628	0	0	0	0	0	0	7.6859031710612	0
PLEK	0	9.71076192642538	0	0	0	0	0	11.4206507627023	0
RND3	4.2771828554967	0	4.92671154750618	5.57943974498788	7.02967832723279	7.95015807374912	0	0	8.50560999500106
FARSB	8.49488421033221	0	8.07795421981451	9.57563093294827	0	8.06119278569026	8.50646088036846	9.37176049842452	9.03806080871715
DHCR24	0	0	3.2304922979404	8.41299742664905	0	10.010253716759	7.62358571805367	7.57403433538891	9.90341395763958
IVNS1ABP	1.58143214411658	0	4.93693387152631	8.61555997346384	0	8.25845389072017	7.72212023917323	7.64370811508	9.08938154347277
BCAS2	1.44916620716129	0	5.76599067000778	8.73741577493775	0	8.22437239821662	8.37970709601024	8.44138884689687	8.54415216734074
LPHN2	0	0	5.47166017334988	0	0	6.641226502497	0	0	7.75614354435033
MFAP2	0	0	0	5.72817177127421	0	8.57603749172041	0	0	8.08812085942606
CDC20	0	0	3.82210619455428	10.2227210697269	0	8.25121281697944	6.06938194112166	6.28946036819991	7.85549651226008
CNN3	3.82726867472587	0	6.72313009887265	9.55083573365656	10.2021121749723	9.13245823865862	0	0	8.32970204931185
PTBP2	1.58388127226476	5.75702340274951	4.8163482787783	5.34338328788037	0	11.005569778471	6.58588239254978	7.59294942957154	10.3333118474656
STMN1	3.16614008348554	6.64108784493873	10.4403752483918	11.6691472764749	10.3691011984663	11.3839557502961	12.5244825418652	11.2950572093465	12.1455240762619
CENPF	0	0	10.0176297197723	10.4113879428855	0	10.3685801033872	9.34550317606143	9.40431989367629	10.2665824475683
RPA2	0	2.7250232817648	7.99099213467175	9.34011847668805	0	8.11352359909124	9.26705824190816	9.25723767891204	8.87547690215399
FASTKD2	7.7237355110805	0	2.09367320212846	8.86128494113217	0	7.74274999161874	5.64032361778003	8.71452527726707	8.97214384957839
VAMP8	0	6.93035520109934	0	6.52043430130797	0	2.36033034850028	8.75685422816987	7.84670810973693	6.06837261025312
SPP1	10.8809575488736	0	0	0	0	0	0	0	6.45588340475269
CCND2	0	11.4284485432347	8.21723495851912	0	11.2965136306825	10.2045156775277	9.15519829579671	11.9404104018671	10.1166270005495
CPSF3	7.46289735662807	0	6.32625044509422	9.18559488297294	0	8.84708887877103	8.35012144080304	8.61998050613291	9.8928592656064
PPP6C	0	0	5.97066971953378	8.19282140617174	0	7.20730858122302	7.725974850759	8.31760533301191	8.26442680301189
DNMT3A	3.05154212949225	0.8805387781263	0	1.15834728890964	0	10.9544610608211	6.18670961659799	8.51015280889405	10.285143270397
BCL11A	0	0	5.66988753236858	0	0	9.1115838433844	0	0	8.19472901019746
EPCAM	0	0	0	8.55341006924175	0	8.01081591190355	6.83292534883218	0	7.33707969449969
GOT1	6.055205043428	0	4.53756868008418	9.77220937837665	0	5.09565169462841	7.57464704065342	8.10217654280753	8.14817308172314
PCMT1	0	0	8.01815461490778	9.52674097535852	5.39166225356274	8.32879102172619	10.1555195146612	8.70346783990387	9.14493226811442
ACAT2	0	0	3.61213182428472	7.66247550118905	0	10.617440647236	9.03761107829865	9.11250840908657	10.506973870826
TCP1	8.33467694035062	8.15910739837522	10.3023998037726	12.0028098624006	7.11319711138029	10.5240041844843	11.1672207712881	10.6761163787586	10.8997461676619
NUDCD1	0.688877384872405	0	3.57022936617088	8.97699492942441	0	8.05457996667852	6.83773295577575	7.4754814947056	8.55079838027522
DNAJC15	0	3.10886822699712	0	6.49378254021665	0	4.74912224678499	0	8.529400266456	5.60683502247027
EGR1	4.34332588749344	0	4.48238012283417	7.04824481861905	0	5.72432513127514	9.77260672050037	0	7.48523948150049
CLU	9.43338452677699	0	0	8.28848544451052	6.56534463977817	8.27115206437133	0.507364911513034	0	9.70546241271972
ACVR2A	1.56081569441169	0	4.15150814935079	5.93984252985557	0	7.74343374397459	0	3.0692631277207	8.77826013494551
FAM126A	0	0	4.25670054732112	6.51194988491559	0	8.559799866081	5.76212247338255	7.43304122772703	8.78599369996289
ARL4A	0	0	0	6.86463150143194	0	7.16731655615666	9.4094834263251	0	7.03158273032388
CALD1	6.23337532238074	0	5.58094474663899	7.4114587454441	11.2760554194808	9.38190609976458	0	0	8.70528895903282
SRGN	6.04009333486864	9.86346287380363	0	0	0	0	7.2912605577622	10.0050134354331	0
BICC1	12.6572239402084	0	0	0	3.06469179533546	0	0	0	0.792466642114276
ZWINT	0	0	6.57857423853826	9.56684537146977	0	8.07011299870711	8.90069910033194	9.2346506628485	9.02808687790197
ITPR2	0	3.11910797139741	0	0	0	6.86506320045878	0	8.89987229753365	7.60595104945893
DDX39A	0	0	5.66990317608607	9.63537311230096	0	8.12518310146533	8.80997959869045	9.03829630593899	8.45936951595946
EXOSC9	0	2.52237439700567	6.75267352018289	9.01890024251007	0	7.74688268564354	8.49637695350736	8.52056112106754	8.42140217285451
PIGT	0	0	0	8.09208410606521	0	5.6442178686477	6.74014872442284	6.79759494228714	7.64909421651574
CSE1L	6.49121594896044	0	8.611199284272	10.3904618202813	0	10.2408037627782	9.33077576875746	10.1713468769097	10.9451307617394
SNRPC	6.6965986363623	6.1058626947422	6.95857940962586	9.62918061789679	6.42760578333317	9.59226648433261	10.402260931565	9.4233540363889	9.35221905592329
SERPINB6	5.71698455434201	0	0	7.02146370111879	3.7895259382502	0	8.69262621959811	0	5.63636653303865
NQO2	0	0	0	7.12059521498732	0	7.66913011057201	7.58960987358336	0	7.52141359773935
MAD2L1BP	0	0	2.29506460882195	7.10370897424691	0	4.59309931322797	7.50130462599348	7.477769386178	7.49550232572562
SOX4	9.41410114785278	6.5412980123785	9.85537224727946	8.58805733851686	9.70342112568368	12.2677160053207	0	10.4180781418544	11.9273558066342
GLO1	4.64944345546771	3.41209801015375	9.75022260618175	9.86790377782526	0	9.03827685370475	9.5034819410566	9.11184219339701	9.55574981548479
RIOK1	0	0	7.06982979111552	8.35809273580287	0	7.20039550760421	8.1465582416585	8.00430434426511	7.52829427274636
DEK	5.89801493476296	2.41336104851448	9.88115425179844	8.80911097736741	0	9.45861657192831	9.13671211546739	9.49443341849849	9.39241539640254
CCR7	0	11.1763428532327	0	0	2.07279620172703	0	0	10.3680182214933	0
DLGAP5	0	0	4.89623627355736	8.43951432634041	0	8.62771083602266	6.92819559614117	8.1808476077362	9.11811893523462
TUBA4A	0	2.68870763031845	0	8.39278243786176	0	2.94136950888925	6.42601447194131	9.0789162230519	6.98479130531438
ECHS1	6.24177205426883	0	0	7.63014899759107	3.40885291070636	8.03241337627287	8.75835863356191	7.77986121312228	8.48828888300984
PPAT	1.58438237089377	0	6.20793048890397	9.54366765433383	0	9.34131498011352	7.84017413053974	8.41971670589553	9.00233148636403
RAC2	0	8.54438032957995	0	6.09582132867929	0	0	5.49274306764609	8.69777888741113	0
PODXL	0	0	0	2.08228657029935	0	9.80846220562292	0	0	9.37769422948261
SNRPN	5.64446555073497	3.43517678766551	0	0	4.7082027215546	9.20478582057632	0	5.46894991950691	9.75995216463964
KNSTRN	0	0	4.14051599173486	9.0520078459425	0	7.06277420520417	6.68987222396488	6.46828772873972	7.86695977343054
AP1M2	0	0	0	7.85842827124897	0	5.69204188196124	0	0	7.89938644720843
PARP2	0	0	7.29500322206618	8.52353595411788	0	7.00115906079994	6.4594144200095	7.60874407577663	7.76741003861378
RPS4Y1	0	0	0	0	0	9.62973681973279	0	0	9.56297627476185
HDHD1	0	0	0	7.28951358713864	0	2.87524412621653	3.8069304267092	7.79418812718453	7.32633965889707
NOL11	7.67719571858699	0	7.91562113092401	10.46947195862	0	9.04103834330009	7.85003797503779	9.70928032080079	9.74936577924361
AKAP12	10.5909222274054	0	6.11799559749522	12.6041770372988	0	9.66069374332593	0.473377024271702	0.650884812912834	9.06733317277522
GINS2	0	0	5.16522350074693	9.08447114363254	0	7.98521532264065	8.41960676907782	8.27799543805764	8.14316271088948
PPT1	2.07023980288972	1.34337842217918	6.05475275608937	8.98500120950461	0	9.54360640049247	8.80235530181114	9.10182138357023	10.7025254186175
VPS25	5.55645024232921	0	4.77680658485514	7.93019894939851	0	7.90789742111372	7.60532672994168	8.11195150500108	7.90692341129993
MAP1B	11.5703330230974	2.5353156439561	8.6678248076203	4.72363180503797	13.1657637422956	11.743409309657	7.14284520456885	0	11.8619460091996
TOP2A	0	0	10.0082307598438	9.51395149065486	0	8.92090478333217	8.43055641669091	9.509672183204	10.0522886155931
PDHA1	7.71207407334173	2.28622790551507	6.71615843335274	9.03893534280702	0	8.14165413028845	9.37173144440817	9.25287465895254	8.55269037492486
UBE2G1	9.27179718163082	0	6.31461195875583	7.23586957338104	0	9.50549050898192	6.84420811365332	9.12962106684677	9.72751679965998
ERAL1	3.36200553966875	0	3.49637721393289	8.91634900896025	0	6.45564687847922	8.07395209807846	9.38763490038575	8.83135948789145
PCNA	8.36013380643255	0	9.29001479600915	10.2900009232763	0	9.29988030207462	9.61384454380931	10.2210506141454	9.35918635429754
MYH10	3.61118086383633	0	6.30002922846617	6.86557699601347	0	9.96612187006349	7.33174799345537	0	10.2244613553221
SPG20	0	0	6.92111122158135	0	0	3.69973739957161	5.16068404672927	7.76424432839585	7.69893271149697
RFC3	0	0	6.90651587462971	8.35106348999451	0	7.01300093788892	6.40378471078243	8.2969480193283	8.11975844769685
SLC39A11	8.09789519178153	0	0	6.64853331198921	0	6.29529407116928	5.23565502301476	7.66575730310804	7.65001052710023
C14orf1	0	0	0	6.70118630199728	0	8.72040209336636	6.44619877996842	6.47389107142712	8.61093930023311
EIF2S1	10.2161820198334	4.90822109751367	6.56597503199369	10.6419523450625	3.7842672753899	9.11714185354485	9.59702972404993	10.5407371311721	9.63359702585136
CCNB1	0	0	8.58363242693223	10.9319181060746	0	9.55753308552285	9.01698031614308	9.65167744642492	10.4771619968964
EDEM1	4.06453396199741	9.09435756890971	0	0	0	3.22084670580161	6.16601423558422	9.73589281275694	6.52606360440095
PTGFRN	5.67759318014913	0	5.50616954154969	5.48482337837621	0	6.65341398825587	6.70681540760181	7.19435951828005	8.08577147435539
TMEM106C	1.87980720806495	0	5.74350221143993	9.03916258483919	0	5.14410724342856	5.86510626837389	8.3076816687259	6.73618314267626
SLC43A3	0	0	0	6.61696413553692	0	3.36877991958859	8.62242256530631	8.88669128575158	6.85982842501638
NREP	0	0	0	0	3.34729664279996	9.63209429731122	0	5.77889692625812	9.91944879396909
ANXA1	12.0675239598717	0	0	10.9705617578988	10.7926579533304	0	9.6554507776539	0	0
PSAT1	9.8843445355632	0	8.41177345588714	10.0333817510365	0	10.3852197585535	6.13730852559097	8.7323300323682	10.8458157619893
LTV1	6.53888030671935	0	7.48649950467416	9.49954758226526	0	8.67043067507542	9.01318060186272	8.27567567173462	8.49471246072646
NHSL1	0	0	4.69675316868645	3.39334450868717	0	8.11730038517502	0	7.26493160786529	8.42641253556871
GLUL	0	0	6.6222249779198	8.79495085814182	0	8.6679013437289	10.8674571229827	0	9.75262668310677
MRPS9	5.60830054547992	0	5.68570548790815	8.42035246729915	0	8.21114712626307	7.41500919647654	8.12271350015088	8.71558775170437
USP44	0	0	0	0	0	10.4027135480928	0.354501249360665	0	10.1127145861221
LECT1	0	0	0	0	0	8.6115691952708	0	0	8.85188332071643
SUCLA2	1.48432185419816	0	0	8.52853576945506	0	7.38783960767552	6.21135499186056	8.4589714690495	8.76349359327127
LCP1	0	10.8111216912288	0	0	2.21271861970881	0	8.95128693798817	13.3145938984878	0
BZW2	6.60242337602758	0	6.50297934727333	8.96278250816029	0	8.4267393324219	9.53546048548229	0	8.97243619888281
ACTL6A	1.46783382696181	0	3.95028633918473	8.3922367315251	0	8.51082037739381	8.08844029120928	8.69245580936722	8.84190996172958
SKIL	10.7932696368683	2.77473471631978	6.08930862164965	0.97696495544888	0	12.1978787600171	6.10223109802358	7.34547051693642	11.7097326050367
LRRC8A	0	0	0	6.75841111023317	0	9.32783361958781	6.34177607265868	5.31992738260562	8.84639337588685
CTSV	0	0	0	5.07143868437655	0	9.18547997315655	0	0	9.93537979392948
PPIL1	0	0	3.878586953512	8.04775111689736	1.55823034457656	7.71663070404452	7.48520545511945	8.05608890505538	8.86259870359597
IRF4	0	10.0459871414057	0	0	0	0	0	11.4840516317918	0
SDCBP	8.62532414778314	6.99006806003053	6.9862769856408	9.00210605859565	4.10496996391304	8.66579841440008	8.74261456431619	7.37154096244037	9.55226231022372
KIF23	0	0	5.75600744135056	9.36418413270203	0	7.65035007979694	5.90360948620656	6.67048743517333	8.823272877489
FNBP1L	1.84000527146308	0	2.98961516608411	5.35548517684212	0	8.87956579362196	3.2093093929723	0	8.59562109881503
HADHB	9.02074197221352	0	4.56024651268726	8.19696409313332	0	6.72093235295235	8.31220542928664	9.1348975540758	8.20464609399873
SLC5A6	0	0	0	7.78949485377949	0	6.00998675076307	7.34296064063436	7.011082329582	7.985148812557
KIF20B	0	0	6.87599528030292	8.66142715332698	0	9.05859434449538	7.80558316877959	8.21213291374277	8.92030359855234
TET1	0	0	5.4649589493021	0	0	8.69206461457686	6.58582196924472	0	8.28463307596415
DNA2	0	0	1.9559154051525	6.6772772714317	0	7.45409159580285	6.85269690458129	6.96457571766732	8.16619855171398
BARD1	0	2.99478223179877	4.90286265964881	6.5132205537734	0	9.21142392255074	5.689517005511	9.48489568037709	8.89591796680731
ASNSD1	2.14025786894212	0	6.6589128600373	8.12416487659148	0	6.69239712625254	4.22890509094931	8.10191144251094	8.15870668303453
IDH1	11.420262602074	0.8805387781263	3.94468050868512	8.34393426677313	3.9408490471257	11.1397069168947	6.72662890263956	8.00221107640407	11.6977913543528
COPS4	0	0	5.55382994892592	8.70329987125945	4.10496996391304	6.52304976017652	7.84875376948598	8.77502786471274	8.38507971547123
NUP54	0	0	3.94468050868512	7.99701400170305	0	8.17890244447888	7.3394860113518	7.3665330232696	8.65530300971619
FRAS1	0	0	0	7.16503211239782	0	8.60481388472098	0	5.99668800371906	8.63357234339372
ANXA3	1.69423847184819	0	0	10.970002477189	0	2.32131943855014	0.608720717475955	1.90755757959702	6.87991697676118
CENPE	0	0	8.5770187283512	8.01777462213946	0	8.61807432290524	7.48204176570806	7.83463630462429	8.80039199501767
PAPSS1	0	0	2.34365266547977	8.19903244537023	0	7.38352775464424	4.78037831454132	8.15363742256978	9.75906827131191
DUSP6	0	0	0	9.55192096257436	1.79772590648776	9.41353605919802	0	0	9.35667785842195
TMTC3	7.47274125571022	0	6.36996124935641	6.70929626631685	0	9.6140845251455	6.26461634429666	4.2706642817545	9.51051150473852
BRCA2	0	0	5.68570548790815	7.63659959296781	0	8.47014254526761	5.29183172942439	8.41207064688154	7.95481546796194
C12orf10	1.59318013547316	0	0	8.06091448637449	0	5.74365588294268	0	6.82893883473699	7.31961116953912
TMX1	5.46184747229814	0	6.83240513306117	9.64301775604265	0	9.88486045890435	7.31939037322736	8.92072765624042	9.79032017075103
STON2	0	0	0	0	0	8.55765188380084	8.7154206291095	0	8.56003565018819
WARS	5.39897979473721	7.91721393996729	5.32209865612737	9.65767381345984	0	8.14785063900951	8.51265433877816	10.0766817443746	9.40057979861512
IGF1R	9.34400158248605	0	4.00243488522778	0	0	9.38861164455333	0	0	8.8847828199926
FANCI	0	0	7.0294024981669	8.67151085537137	0	7.83008060503744	7.96629898711891	8.07761754371868	8.49331672212252
TOB1	10.9260894147738	0	6.16435549504416	8.41402160183508	0	8.50033162422033	8.87882419046015	8.05461999098354	8.89514042346752
PMAIP1	0	8.0090438145187	7.16219146703193	8.55169443724702	3.80888029981484	9.51753311735532	5.07674378892155	8.92487146950099	8.70386406338645
SAE1	0	0	6.50363059434534	9.4582344549135	0	8.54833719632546	8.70450669787611	8.57833667073613	9.06285089823383
PGD	11.6855003594478	1.24164332246753	5.89498975775025	9.12280392552635	0	8.9811023018969	9.64722238729504	9.48876878622939	9.79259393140514
SH3BGRL3	2.48733172009344	6.02708101087063	0	8.99530759077679	12.0374823771492	7.9470689752559	8.77439077999211	8.10562162929696	8.23256820201312
KIF2C	0	0	0	8.3018777518463	0	5.71050241027389	8.02338866777412	7.39133325354567	7.41144730103377
PSMA5	7.84291888223139	1.35508396468442	8.10015256945046	10.4203496762475	2.39485609508284	9.0996182451979	9.93702719429259	9.78443091911495	9.62486137940525
CD53	0	9.35786622596922	0	0	0	0	8.54520836776745	10.6049250143628	0
ALDH9A1	0	0	5.66988753236858	8.26725685183752	0	7.19518085771113	5.2525082419116	8.12157968410549	8.25183049259786
DTL	0	0	5.14899823597534	7.99396491574682	0	6.97556235952197	7.24331458826096	7.82319188074007	7.81975116607407
ILF2	6.933009198145	5.07242571923747	9.87171514607987	11.3425511070608	6.30088065775544	10.7715308474873	10.4075890474047	10.877883506489	11.3024577489394
CDC42BPA	9.64703353271408	0	6.43029503844773	8.48383211616138	0	9.2697159219951	10.1643004229283	0	9.24406089524922
PARP1	3.48571480146584	6.61148322955231	8.82368683651491	9.55102569083998	0	10.1434164329349	9.3280350360884	10.1645667236156	10.377960969551
PDIA6	9.05015956943289	2.51704693418621	6.24288081407639	9.10454392936657	4.26126356358977	10.3719941531577	9.31496056242328	9.58276795818739	10.1717285233163
CDCA7	0	0	6.32625044509422	8.63625391654798	0	7.45651607934502	8.16932268057651	0	7.2866308026592
FAM171B	5.28803614879448	0	3.307846076979	1.16078137832292	0	9.42333043166173	0	8.26484630136396	9.18474966521456
PTPRG	0	0	3.49637721393289	5.70965668518474	0	8.05831936745006	0	6.39447771318927	8.11278425116829
OCIAD2	6.66081110623644	2.72118403342483	0	6.94994112819854	0	7.80173372969766	0	7.60448287729949	8.00157994135386
CAMK2D	8.69124702974842	3.65155292557584	3.3461271487471	8.8493228354364	4.10496996391304	1.83209853435727	0	9.06663157181418	1.5865123523571
SFRP2	0	0	0	0	0	9.07502458694556	0	0	8.78785082938596
MYO10	6.04154398693185	0	0	5.90173088062358	0	8.29038651925902	0	0	8.10697797647734
COMMD10	4.77134668613917	0	0	7.79193359630464	0	7.60695073987069	4.90931887800157	6.95798941477357	8.29173956825938
ABT1	0	0	3.04877072725513	8.20839538498087	0	6.96313251058065	8.34279338867008	6.87992089534953	7.46400183309299
ABRACL	2.90607620315765	5.19625651835109	5.89763724177186	6.78075589491771	0	8.74496891158045	1.75609896223327	8.91599718410769	9.09415896345951
C6orf211	3.42661557634329	0	3.33266674610716	7.25150550632289	0	7.25903831753762	6.95028203441826	7.58209649803359	8.7058701572209
EBP	6.96137764620671	3.42381841248522	2.79851244244615	8.19054282453758	0	9.79913142172748	10.3025883061183	8.53377587279694	9.86127180881198
MFHAS1	2.28902489464441	0	0	7.17332185467933	0	7.74274999161874	0.957651073485069	2.69000673814072	8.48045598944944
TACC1	3.60238889564933	5.48344568472026	3.82210351316441	7.49337352388477	5.2231481441841	0	4.35651363015035	10.3351562471051	2.06948816204919
NFIB	9.40307706413464	0	6.32625044509422	4.52807347387836	0	6.61101696367372	0	0	7.04406107535074
COMMD3	7.00029799262685	0	0	6.93734872684672	0	0	7.51616731426301	8.11567370908231	0
TCF7L2	4.83547803594425	0	3.65851134177753	7.63260214994417	0	8.85424455802783	0	0	8.64769828324729
MKI67	0	0	5.66988753236858	10.1731269878758	0	7.74888752427668	7.44397168315682	9.98386290563958	8.30121987844877
ITGB1	11.3031734375458	0	4.16809922221255	9.2273632201811	10.9798002054601	8.84428634513688	7.32340654439357	3.06225962187333	9.21497071718784
CCT5	10.3055959256363	4.60670874875507	9.90972857237953	11.6390614336377	6.42936369448104	10.537814126104	11.0299917861948	11.1268521801137	11.3062046460677
FOXO1	0	0	4.51255537067626	0	0	8.25719610698435	0	7.53690598517886	8.04980954761015
CDC123	7.78069093277554	0	7.09332092158334	10.0286208752043	0	9.88684955019509	9.25526031226057	9.70190951959354	9.90531243653335
THYN1	0	0	3.75133765969929	6.54944607302579	0	8.2688945491711	7.61435171862577	7.81757731954614	8.92744270328171
MLF1IP	0	0	5.04841162789702	6.30487515856112	0	8.38031235725804	7.39660487066279	7.12764541299428	8.72303486531951
GJA1	1.72948220639451	0	0	0	0	10.5019519932611	0	0	9.32739298807538
DDAH1	0.710944715473014	0	3.82849554674191	0	7.96238386996434	8.13609007628749	0	0	9.30952581870875
THY1	0	0	0	0	6.68360424096365	8.58444784554063	0	0	8.56304579935103
UCHL1	9.77196240827574	0	6.12851869202313	0	10.8718247595533	10.2462381687142	0	0	9.39131043895592
MRPL39	6.97708616905958	0.902514606307739	7.02188020827308	8.87208883137825	0	8.23328332339043	8.67252913074415	9.30852100626028	8.22816695964863
AZIN1	3.37920396563327	3.61979026969398	6.17438496022115	10.2359083506315	3.84388352448599	9.21969989767827	7.57783643398642	9.94184614466675	10.3075428615134
MARCKS	9.12732104175582	11.7865530827739	9.85557600778523	0	12.0253129967282	10.3770614871091	0	11.0761538510104	10.5061888271988
FZD7	0	0	0	0	0	9.21493660354263	0	0	8.77172860715705
MMP16	0	0	0	0	0	8.56970686508662	0	0	8.82720994555448
UBE2L6	0	6.99142350690618	0	0	0	2.32131943855014	0	9.33744583330701	7.19276924101715
BAG4	9.41294526900821	1.13788624207523	6.83240513306117	8.09527236025601	2.72000811729474	10.9826870486503	8.8067649916512	9.32739019795539	10.4700815673328
MS4A1	0	12.1087854158738	0	0	2.72000811729474	0	0	12.4759326019015	0
B3GNT7	0	0	0	0	0	8.75324997704129	0	0	9.05844091301138
BUB1B	0	0	2.75422699821771	8.25284978618781	0	8.09618385563082	6.53441291983142	6.74541529973054	8.0856529593355
SEC13	1.42015903121721	0	0	9.04116996818222	3.09305884887986	7.9570190501675	8.97056377593402	8.50051581336202	8.5087941193485
CCNB2	0	0	5.50616954154969	9.47325669780948	0	8.57443556485208	8.3043078603633	8.69795872321352	9.13286971358229
TAGLN2	6.55030558028837	8.08762375827709	3.82849688788705	7.76127583631809	6.84397868420899	0	8.84296821716027	8.73600437373816	6.15624571598591
ALG8	7.54937255099477	0	5.11618651564482	7.70656603171519	0	8.02763671678995	7.99899838916092	5.57914583854038	8.48189088822412
FDPS	3.23298775255373	7.11153093170432	5.52079094738884	8.35613114858994	0	9.52596918491483	8.7471087596979	9.20619517480249	9.58389505306734
DHRS3	7.04974008504203	0	0	5.42801246844489	0	7.46876159610391	8.78307995055144	0	7.0764715027236
LAPTM5	0	7.7394006705704	0	0	0	0	8.34867653574837	9.50945989598044	0
PEF1	0	0	5.74403334155058	7.50905136893001	0	5.81131459679197	6.95093885184162	7.25410556454544	7.20374178943562
NFIA	7.9008852383696	0	7.25123354261417	5.97488351358076	0	0	7.79391747045471	0	0
PEX19	0	0	0	6.14786498337321	0	4.74148034453462	5.6976328029406	6.9670252518222	8.26366802701669
S100A11	9.65349481823934	0	5.16312337720276	8.90425992980084	11.6111380733972	7.54211048118522	8.2218641650935	2.15370754857097	8.25079435562393
FSTL1	0	0	5.07233436410006	1.38812854111707	8.97565916391418	8.32251849877735	0	0	9.54313766594445
KIAA1524	0	0	7.50572190766566	8.55201509139822	0	7.54391556991695	6.55743286525323	6.31163769265911	8.09917021160494
CWC22	1.79468234338888	0	6.17438496022115	8.67025929001852	0	8.07543572123446	7.98391914933427	7.68457196360831	8.41810235621371
PTPN13	3.14343677065656	0	3.33032363550909	3.1286325915907	0	7.5207041478404	0	8.71885739917508	7.74821814910959
KIF15	0	0	3.61209870673249	6.15076323255771	0	6.71710925277032	6.50592583232294	7.09281774928996	7.7173904560104
RFC4	0	0	6.36676401266741	8.71870459967118	0	7.48777309683564	8.33808403054247	7.77980912725735	8.57270524890807
METAP1	0	0	7.00820142150039	8.87644262193067	0	8.12629880202248	7.04033715958079	8.43712716173868	9.01285068518406
HMGB2	0	4.59072404262213	8.67463839195401	10.7448860027026	0	9.01501197739734	10.1588327642784	10.0484996763467	9.47158028900674
MAD2L1	0	0	7.68716908303205	10.1669178117902	0	8.9292695361295	9.17979024913138	8.91746349386506	9.22095765110349
STARD4	0	0	0	5.38482386047366	0	7.1822093222839	6.12941620790584	7.56925086549269	7.33878535366221
CASP3	0	0	4.49725782721047	7.07181476971782	0	9.22898805528514	5.13053367563811	8.76120657395877	8.56308374123054
PTTG1	0	4.3987084884933	6.82373724681128	9.20792599259968	0	8.50295072022434	8.70235007381156	8.70475301900134	8.91196750076501
CDCA7L	0	0	2.09367320212846	7.95106288304386	0	8.53321789773723	0.316182749464389	5.92601157812765	8.88816596171032
FABP5	6.22387510499087	0	5.42389441295282	9.85657025818109	4.52999807349344	9.90854740857201	5.76671958784213	9.4824233260214	9.51779617287809
RAD21	7.23692025725997	7.49727038285564	7.505675697288	10.5427201250726	2.39485609508284	9.88121133050359	8.66299027295112	9.79982740262772	9.50979519057422
ORC5	1.63301075487405	0	0	8.72773409156442	0	6.46023454168909	7.2392553586302	7.62139898989119	7.65947202859293
ALDH7A1	2.26575709764908	0	3.04877072725513	7.70093907957252	0	8.39161440156615	0	0	9.00227845351104
ALDH1A1	14.7608980075459	0	0	0	0	0	0	0	0
STOML2	5.70069112353309	0	6.12851869202313	9.70931753022058	0	8.40428816085369	8.49485390588523	8.60748980566222	8.62803406561156
SLC7A3	0	0	0	0	0	8.75929091099851	0	0	9.27978643729833
SKA3	0	0	3.54552025308974	8.28207816024551	0	7.18162219235883	6.25373681112447	6.06511802432327	8.78301617106622
SALL2	0	0	0	0	0	8.96087556520687	0	0	9.25633302720134
GPR176	0	0	0	0	0	7.91249435658004	0	0	8.92245966409908
CKB	0	0	9.46278974797237	9.45292851716706	0	9.03426998143052	9.61035238536473	0	9.14287411199188
API5	4.2050290121029	2.25658065469762	5.98834492225991	9.64804274361107	0	8.53309558263715	7.75892874759489	9.20989383484225	8.95728490265166
NOLC1	9.53138792677862	3.7666114555265	9.75498997197904	10.4151425461302	0	10.1704165971694	9.99490637819143	10.9082247444442	10.7861406697262
GABRB3	9.9802072465723	0	0	0	0	8.92412247178074	0	0	9.38626628201705
PRKCB	0	7.29766057905965	0	0	0	0	8.25634072523047	8.7827122298624	0.959704604846012
MCM7	2.54922657624554	0	7.80681774773194	10.7954592917395	0	10.066451052019	10.1068325904987	10.3345680045451	10.2721336855755
NGFRAP1	8.84856992683401	0	7.70972039829483	8.02458108377678	10.4132172548362	10.1986127822747	0	0	9.92076737994668
MARS	8.29542657070252	0	6.11169802822263	9.20337575850598	0	8.68205577855624	8.51471536663804	8.64044919371854	9.5248971387416
ACAA2	5.70980602822828	3.28955969740075	2.34365266547977	2.90725828688217	0	8.61210510819233	3.1817818455357	8.84459307117963	9.26023931052452
RRM1	0	0	7.23933721600996	10.3057128161384	0	9.28829030152767	9.32054574943738	10.0543721896089	9.89827895271693
CYP2S1	2.71493754744032	0	0	1.37228647638044	0	8.02456215733618	0	0	8.45130733263908
AXL	10.9599405936317	1.92679111224785	0	10.5309720436894	8.36467729176053	9.59950587054008	1.68017626692323	0.757575584801139	9.92493642196129
PRDX2	0	6.31066359501737	6.30396059044965	9.50895990888275	8.02905862728179	9.53061246831775	9.58774146413383	8.22428572557481	9.60196970525529
TK1	0	0	0	9.7057368410723	0	5.67233381144402	8.18257911181589	6.13198125180773	6.87933919949015
PBK	0	0	0	9.55723818040966	0	0	7.08339935877038	7.53413298758415	3.44192672469699
FEN1	0	0	7.05075557685515	9.22140534842644	0	7.7057771553803	8.38323472789275	8.40034541203454	8.42854184661987
MAT2A	10.4841052012093	0	6.50362881084995	8.66326956940067	0	9.01147496237285	6.94896209204361	7.8724834437219	8.74721664138256
RSPO1	8.85356131284946	8.48738020730385	8.98885927677406	8.64231266087568	6.76800065871157	0	9.23724001209357	8.36233225140543	8.73082421839089
PGM2	0	0	0	7.87713034543642	0	4.94944033848444	5.1626103734689	7.43646260593682	6.75412179600614
BUB1	0	0	4.77018223208248	9.59553124420297	0	8.47685355954538	7.966513844728	8.77882252051497	9.49088251441129
UGP2	7.15333875540771	0	2.44663547920754	7.44913081004159	2.81942617018756	11.0618704849273	6.71023478295868	7.53624671514949	11.6796415075396
HNRNPF	6.98806832426804	4.85682288803507	7.08079518357311	10.796771597565	2.09501525210481	9.89987479231444	9.84056155961184	10.4499665212014	10.3825506122597
CDK1	0	0	7.65330712566157	9.5339168948888	0	7.82899098230519	9.11899981592042	7.52504890388895	9.0639038754438
KRT8	8.66522467503312	0	0	10.9554105315166	0	6.70199156567348	8.64694097878238	0	6.67316947448131
RNF34	2.02520730711576	0	5.20844242642286	8.44471455658177	0	6.97556235952197	7.18891688181414	8.7847007499088	8.39902433746727
TRIAP1	7.78734337655527	0	5.38443317149366	8.46071026323048	0	8.09190206595605	8.08370438498792	8.72051975276661	8.86092004414198
INSR	4.58611080686261	10.2974909181964	5.53268524002616	4.45916181988878	0	8.70791398997966	0	9.22188694978108	8.81905477835871
TMEM126B	7.5732893818607	0	3.04877072725513	8.35172385609843	0	8.74060310588722	8.38758903242866	7.50378032641193	8.56634820006703
PLRG1	5.76813232901349	0	5.50616954154969	9.12313313857336	0	8.23183613831174	7.08017094333733	8.72813537609773	9.06862829961546
HDAC3	0	0	0	7.5939100385816	0	7.06277420520417	6.8588895892486	6.55974560064628	7.66691084269345
CTPS1	2.24049225495465	0	6.44853423610704	8.64064564123691	0	7.92627345706218	8.31800509721523	8.58128921841544	8.84499162141385
RRM2	0	0	5.397164149414	10.2642373888174	0	9.37405829071982	8.28047875271774	8.14265792091552	8.79267999512482
QARS	5.66751818155971	1.97973091088478	4.77018223208248	8.5685961087387	0	8.72125016282414	8.38839456083085	10.0058804282317	9.7515369333163
MRPL13	7.77114828734351	1.52029350209989	6.7166368080708	9.41285873450892	0	8.68159770190634	9.04789846638537	8.97820504323953	8.6705936335633
DPAGT1	0	0	0	7.15182836781547	0	5.6627021952157	7.06347310686417	6.87887727482199	8.09564077628973
DCP2	0	2.69937107226734	7.7517181817178	6.30361896742797	1.41273597832018	9.70675391758274	8.92310850040074	9.27312730662624	9.96995850335538
PSMD1	7.29686026922055	0	5.77122652821828	10.1419451250596	2.60896403452516	9.72764814406022	8.55557640667181	9.62662748496632	9.91730821768474
ZWILCH	0	0	5.07118595655322	8.23459493004354	0	8.31127683589774	6.75267839752777	7.67964601812927	9.11102040181176
TMEM167A	7.73780337247178	2.62049688236739	7.10757212801835	9.49631037342652	7.76079678375518	9.60777812815472	8.87451980197586	8.42906187797796	10.0883533855343
KIAA1551	0	2.64620836882125	0	7.6229161059944	0	9.0474981326343	6.0371994004699	7.46639830285072	9.3083135625293
UBE2C	0	0	5.26770085800447	9.26505006003164	0	8.07307097417769	0	6.44748024296727	7.93027952900939
PSMD2	5.61175236744967	0	6.97783296613524	10.2049742682863	8.13655459483362	9.40643423717522	8.64559986514429	9.27421310961932	9.31533528921838
CSRP2	0	0	7.30419886582637	5.23698048896719	0	8.87328380903242	0	0	9.14626404962673
CKAP5	7.73519847222659	0.8805387781263	7.94713454461404	9.37228721631351	0	8.86901937311091	9.05461460599654	9.22955160507399	9.08126117835422
UCP2	0	0	0	0	0	4.85351840517321	7.94226485625128	7.17696087416287	7.21728386439265
LRRN1	0	0	0	0	0	8.24135180519495	0	0	8.440815690836
VSIG10	8.56382854404466	0	0	5.6269066678304	0	10.3270161177609	1.12489392434811	0	10.7571419360398
SOX11	0	0	0	0	0	10.1415709983468	0	0	9.66926282783263
TGIF1	6.51972479660858	0	0	7.34924267455621	0	7.59706983275286	4.69175260149943	0	8.70649884300188
UBE2N	8.29172152454458	5.3011607417182	8.82513273362927	9.90669369337017	5.51335797042038	9.68879183348774	9.77177785815952	10.5221841835123	10.2912017041554
IMPDH2	6.65155416423933	0	7.97116619967962	10.2090207483269	0	9.4931093314812	8.76551136043184	9.32748710556626	10.2104396719259
BEND3	0	0	0	0	0	8.67497681527309	0	0	7.77981751399405
GLDC	0	0	0	0	0	6.3725717821988	0	8.03672284824805	7.95284854245407
TUFM	5.63259953926399	0	5.22105922511309	10.1264182286447	0	8.80920196039784	9.42328508357073	7.90148441886685	8.31531115274155
MRFAP1L1	0	0	2.44663547920754	7.86485408281752	0	7.55829875240054	7.88087630182685	7.3279294448124	8.00890453741077
AURKB	0	0	4.90286265964881	8.24828769380284	0	7.8968993132801	5.83186056397635	6.53146067250539	7.99826723211958
RCC2	0	2.62545156663258	6.66475731320553	7.51645109796558	0	9.4525108591369	7.22631733925984	8.26691050847277	8.99015293025385
FARSA	0	0	4.77018223208248	8.71329410759946	0	7.5666537191072	8.33424035276242	8.11812861888993	8.18964087196431
PITPNB	1.75281113343082	2.80316570947108	8.839312834299	8.95585408311996	0	8.36596868411265	6.79737831320489	9.14355402261075	8.88038079456437
MRPL14	1.48432185419816	0.884764714147192	5.72337186836078	8.80559484217269	0	8.08384942570231	9.12336881362945	8.39428144321556	8.02400796627282
NQO1	12.4347529760365	0	0	10.2349388581897	11.3643381608867	7.49511563508574	8.05039371709355	7.64828347368699	7.69555946205476
RAP2B	8.24879801749459	2.09307705671875	7.56190902831855	9.54566769086651	2.39485609508284	9.61406475548348	10.0429876790487	10.0191288137735	10.4321658723788
C3orf58	2.30628771016869	0	2.75422699821771	1.79245215419041	0	8.4329415360237	1.68952780057807	0	7.99944863200404
SHMT2	0	0	2.7920758196359	9.06088205055128	0	8.24226134973289	7.5756736596739	8.96909714944698	9.24473265529122
KPNA2	8.99800243963228	5.83176596894396	9.85423903724209	12.4350754600287	0	10.4417617967917	9.95543233393005	10.8470312405568	11.8458940183282
SF3A3	5.65601496958194	4.42535031234737	7.37538945258217	9.5124715743511	0	9.50908534463959	9.90097137243511	9.7186812276228	10.1259861309482
EFNA5	8.80657487581306	7.56090664340568	5.55382994892592	0	0	6.79962574060551	0	7.52869332892381	8.19266069921493
CD24P4	3.38359666343837	0	0	0	0	8.02091191177275	0	0	8.619235412061
PRAME	6.86435139361236	0	3.61210533030376	6.62367045946367	0	0	12.3109251711128	0	0
DRG1	1.44275000043158	0	7.1643624355855	8.99197178668902	0	7.95557017250103	7.8270543304139	8.57898519070246	8.85616709572349
LIN28B	0	0	2.09367320212846	0	0	8.48807768684152	6.8170892662136	0	8.31669342704799
TUBB4B	1.44693336315551	0	5.69104514941415	10.5931258037582	4.00594503844265	8.18852744360166	8.79678379830331	8.22033749411681	7.8299519216151
FAM111B	0	0	0	2.10963707940859	0	7.1795122015012	0	7.17361842527827	7.1977174054568
LITAF	9.15492610310635	4.05395841601975	0	7.98496295347637	2.39485609508284	9.39871950911105	0	9.9107729787315	9.56668558890753
HLA-DRB1	0	10.4455965701628	0	0	0	0	0	9.78406356151995	0.843431275885716
TUBB	7.03145491841749	10.215190461934	10.201634324429	10.9681912752009	10.5165745014761	11.7519243534325	11.4761950023046	12.4971102578926	12.4460992086985
NIF3L1	0	0	1.77624283881413	8.0707365352007	0	6.31084819447438	5.15619141865694	7.4287646978833	8.20253745792543
XRCC6	7.8372380023734	4.58526098460753	9.23894799269908	11.4487767097445	7.65545293768182	10.9232475371085	9.73098529435797	10.7547021817498	10.8673274817153
HDAC2	3.5029008853123	0	8.01631226757632	8.09680312659693	0	10.3374560186973	8.79840409262293	8.40048288333845	10.1255837140403
TCF4	0	7.86669001847975	4.56024651268726	0	2.39485609508284	8.72043748941348	4.73255109159292	9.08821967821191	8.41519543145936
SLC39A10	7.55123274410914	0	5.207567983098	6.17255963444648	0	11.1266502285183	6.46992835039486	6.97300208290971	10.9150640200437
GMFB	0	0	3.878586953512	8.96543077636162	4.1100719296074	7.35451619444878	3.80102532672321	8.14160070840727	8.78691025404506
BLM	0	0	7.49565880203497	7.18516540742028	0	8.07259105776609	7.6283294989347	7.53591197521363	8.02944140353954
S100A10	8.82758250457175	0	4.53756868008418	9.61822012697989	9.92698076489715	6.83828963821236	0	0	6.57836056096786
ADH5	7.7178909690638	0	4.7134656260902	9.49325531092335	4.10496996391304	10.0303564600245	8.77017921197391	8.92453080167341	10.2360379749305
S100A6	10.8275074091564	1.96648339918485	0	10.3709574980272	11.1268939267031	0	0	1.4357287815974	4.44899753439885
ZNF121	0	0	5.21852748931261	9.32058815993291	0	10.5084734029439	8.34717106898852	8.44314099827319	10.609071601615
MRPL42	8.97905854088948	3.95336055809402	7.42782552066577	10.0746650509008	0	9.51907826950729	9.51381306967857	9.2599153072304	9.84846509399579
MAK16	6.63640409479453	0	4.25834457444083	8.4091567791937	0	9.04221844398212	8.00964865004983	8.40386971980386	9.27110653830331
PRIM1	0	0	4.1920142812439	7.89642030435046	0	7.30928866084016	6.52362179748646	6.56494529962509	8.04824318859159
ZNF770	1.52937168415279	0	0	8.23064426523485	0	9.4105438083951	5.97425573247623	5.60872214177396	8.21593134392535
TPM2	4.92394899803142	0	0	8.22136533143109	11.247132394724	7.7281099884831	0	0	6.7820527530708
WDHD1	0	0	5.89498975775025	8.19133856990472	0	8.07003199577594	6.59556137429302	7.85964826113049	8.82111460469475
COPS8	7.65933853905987	3.11469430713362	4.82869139187154	9.24722226520279	9.14082808879002	9.05297581688384	7.3400597592466	8.47192616170912	8.90727932944515
UBE2J1	0	0	0	6.64287020109466	0	1.99052809841839	3.7413176313105	9.23287011315287	3.78133197713574
PRC1	0	0	7.59784577605854	9.28285130001895	0	4.94995223417844	7.71560545734452	6.56738487499395	6.89474541619314
RP11-217O12.1	10.8534841102318	10.4906675061761	12.6269053340568	9.8006872529018	10.4559404246192	0	10.712037574332	10.7250906228685	10.9833626966918
DAXX	0	0	5.76440062708216	8.12381556484195	0	6.7445857255414	7.1735606095791	7.73740474043913	8.40321214932622
PSMB8	0	4.65102776344299	0	0	0	0	0	9.96428464793148	3.89654554472129
RP11-622K12.1	8.00180531229463	0	3.04877072725513	7.07051407326857	6.45511167700609	7.32465939933733	0	7.12256140795684	7.77901754386243
HLA-DRA	0	13.5636767952503	1.99226579877184	0	3.43521791362834	0	0	12.8971169916798	0
SNX2	5.27538911332901	0	7.19794207811906	8.23800910378828	0	7.86480372303183	7.39445083888819	8.70383837752227	8.81845226964378
TMSB4X	9.687158429079	12.3729932656467	0	6.38751464007289	11.7497351085435	10.2951023870726	9.91235070271397	13.2484828559506	10.0664482124155
TRIM71	0	0	0	0	0	10.3990089113788	0	0	9.82386741631666
TSN	3.66414788907008	0	7.00338461634597	9.7587230241417	0	8.36871126186858	8.3858152685795	8.95543758103431	9.456145359238
IGLV6-57	0	9.82827212836141	0	0	0	0	0	12.4642593716962	0
IGLC2	0	9.92020229651121	3.14004557078732	0	0	0	0	12.1231245515727	0
IGLC3	0	9.43148467222006	3.82210619455428	0	0	0	0	11.7031909838307	0
IGHM	0	9.12058782651868	0	0	0	0	0	10.6319465592549	0
DNAJC9	0	0	4.23815108596854	8.94086936776477	0	6.57973033733804	8.68849307471263	7.304937702234	6.55307878932134
DDX47	8.18026805673586	0	4.48238012283417	9.89597346686844	0	8.61057060814762	7.85842268082815	9.706893576334	9.50139183433221
IFI30	0	10.1828979874237	1.98663965814547	8.07103290906147	0	0	8.16651076306676	9.9696182499203	6.3815001466001
DANCR	1.50153244876049	1.28581420812141	4.14051599173486	8.6440750176343	0	10.0713690881291	9.502097901369	8.9912491128178	9.83162960275592
XIST	0	11.7500724474653	13.8537571315936	0	3.44716531562597	0	8.28926151361159	9.15005617292703	0
HLA-DPA1	0	11.1218852031822	0	0	0	0	0	10.5324219464432	0
TRIM26	8.90011127289476	0	5.46578847540914	8.75700953429383	0	2.89602353840554	0	10.2749947876218	8.39564959335572
HSPA8P1	7.10586219293349	5.4760544036121	4.14051599173486	8.24782438294216	6.03110090117502	0	6.82102089316538	8.19133312574102	8.24083004910844
TDGF1	0	0	0	0	0	12.2004039511409	0	0	11.7487806848931
AKAP2	0	5.87992820716044	3.04877072725513	7.14964000933483	8.22993175760169	6.92409852555231	0	9.22233066619436	6.69437507492965
EIF6	9.63529364346195	5.02594426912568	7.04382860920869	10.5352188406843	0	9.02877730987429	9.40704067890502	9.5492264338034	9.45769388088009
MRPS6	0	0	0	6.54527959310264	0	7.72507928776729	7.49510753539524	6.88232468457912	7.99252085303081
RP11-770J1.5	5.56884294359798	1.27423188911102	4.49725782721047	7.98315898134346	0	8.26756053958164	7.16834054255624	8.58811257394376	8.93020017028416
LINC00678	0	0	0	0	0	8.08845949200628	0	0	9.30062263796333
SNHG1	8.00870805781197	1.28581420812141	6.73396737840109	9.75743346854426	0	10.0333866231462	9.60129474103918	7.54675024200351	9.41023337990521
MTRNR2L10	8.87182307084779	9.33622197932031	9.1645371669068	8.86668587382232	7.99270422435604	0	9.11466929886458	8.76896881844134	8.56153738553477
HMBS	0	0	0	7.65379591324693	0	7.22805468522704	8.8291993105668	6.04142110931462	6.55487440976005
AL139819.1	0	0	0	7.66825974946508	0	0	6.17829856500091	0	8.41395164894775
AC011933.1	5.72733417001681	4.86782281081756	0	8.23040921121676	0	8.375989231452	7.34953270175922	8.62512205100046	8.3497388539109
PWAR6	0	0	0	0	0	10.265093616354	0	0	8.72856027291677
RP11-841O20.2	8.20707717519755	4.63858080460566	0	6.92428240264268	0	0	7.19502515488775	8.06660100670236	6.04874288146436
RP5-1085F17.3	0	0	4.1920142812439	3.03931355186274	0	8.54409558618695	6.66146676409083	7.69576860275728	9.40183654766611
RP11-363E7.4	0	0	0	0	0	7.71745202621792	1.17909990822784	0	8.61724719355416
ESRG	2.68915128422701	0	0	3.76942758713034	0	10.3147284673211	0.454065481402455	0	11.3547948760509
AC087645.1	0	0	5.75024992063242	8.60083863756131	0	4.55510831488818	7.36748254372275	7.44222119947803	7.61909569156515
XXbac-BPG252P9.9	1.51706990081705	8.93389212687062	6.82237525625198	9.57695471508378	8.01146489568635	9.86036202286957	9.69306158595119	10.9644130810955	11.0124397970345
