MPP	LTHSC	LMPP	STHSC	Unknown	ESLAM	GMP	MEP	CMP
Hmgcs1	1.99123917632275	1.87870372837215	1.65283658380803	1.68548990881891	1.60639347966316	1.13893207403061	3.31730970290907	1.25783537096436	1.33933334591021
Bhlhb9	2.67008261149069	1.89982814676923	1.97960341728648	2.06274612894488	2.21953138610132	1.64359498338625	1.9268441228654	2.12461562519298	2.38045461259148
9030619P08Rik	6.97742165028246	1.91786222785741	7.48839597751731	5.58408416390549	2.17147099915873	2.15987170344089	1.64183030432061	0.770731033040236	1.59167402698299
Plppr3	6.43896535068757	2.36620238400569	7.13170673940188	6.71753610379369	2.23634010175864	2.3333095511779	7.4163775939184	1.11983821914931	5.60258658897775
Nudt19	4.81924421069155	2.71309191248064	6.52323247205718	3.7529021320721	2.81278646809821	2.54092228394152	6.88329353949032	8.27343585554607	6.47832371102965
Ythdf3	3.18281866923191	2.42254004617648	3.82670186659248	2.71697409654164	2.54449203763214	6.82895283662161	5.52468370419206	4.6633691477735	4.04713519597109
Herc4	1.73084652479541	2.17453953016621	1.89721957136506	2.4677632261932	2.11230961307445	6.59921080885028	2.42240055769908	4.94417616790335	1.46866560212106
Gypc	5.40752407235104	6.63235118461168	6.88564881241883	4.24298809660679	7.97091918887998	7.71069870029305	5.86145363080959	8.04617889987903	6.36654120963899
Tm7sf3	2.52292635531234	2.75644206519869	2.45537761584934	2.41424602468933	2.33365061326262	2.72704241298363	7.10025982809943	7.79217927520744	5.13302356345452
Stard4	3.01715221703498	2.91307793688631	1.69063328653001	2.09846946782472	4.55057163443153	5.15307486538044	2.44841833500612	4.25333169604689	2.71463378819276
ENSMUSG00000043858	5.70308423808062	3.56622516453946	6.29338104524274	4.05154755645622	5.21471466901546	2.28050624588254	7.50161444734833	8.52938543225867	7.65946218149654
Grina	4.58429655594955	6.60917591282742	4.45662848328052	6.55951104632656	7.21901896697077	9.45239647999789	5.12696574126517	6.73955190437026	2.38194888616139
Slc7a4	0.937635970584574	0.827204512593852	1.08520823047063	1.55333137440434	1.87168505149176	1.46029596073662	0.722886770781869	2.84750356432526	0.717608257221104
Specc1l	1.91635082056475	1.89982814676923	1.78724867206525	2.6695442234382	1.3314292742326	5.63798136908618	2.6811690237409	2.86912275645486	1.61022645187626
Prim2	2.3846275700231	2.13849211172478	2.27226923162763	2.11748843532554	1.80500107439615	3.64272132764463	6.48003663580373	7.51720730934648	5.391397978893
Cenpk	2.02299534728819	1.89982814676923	2.06811488344728	2.06815880951841	1.21747683189124	1.21394314695164	5.43681835555413	7.40457627177517	2.90827031567614
E2f8	1.47823007199904	1.29019207279421	1.44350836826505	1.68548990881891	1.27209588622972	1.65710660643287	4.36931791150233	7.25006964104212	2.80226786094016
Rab10os	3.29764222047246	2.93239821557013	3.31463938361694	4.89991942273374	2.8877740793603	3.92769831526303	3.52173317940108	5.29826171600815	4.27382499153568
Cd63-ps	6.97381299319738	6.92639762938893	5.63923725492295	6.9601921122075	7.45186915813824	7.38779691067913	7.23382440223063	1.73055631642014	5.91179471999525
Atl2	1.49147686535587	1.47168060676751	1.21753725073264	1.71676274326977	1.80376805046212	0.87898117084115	1.74698641350723	5.87725009732184	1.75669322835083
1600020E01Rik	1.63064814778417	1.62499868303697	1.53651998011142	1.05554579586807	1.41406692283789	0	1.12243892977227	2.49363038470803	1.17629164172518
Svip	1.6820726902232	1.63187760287332	1.70272658471752	1.7853856249477	1.57650128611097	1.43824629471488	5.63307633350006	4.43328867597921	2.22372600288527
Skiv2l2	3.28108909448443	3.07076947936567	3.12149552194421	2.45827514078272	2.55960555500724	0	4.10757101888079	7.0475680478358	4.65713231587555
Hdac10	1.85476833314825	2.36496516320644	1.80356689256346	2.08184400059151	1.79133759243033	1.263585440971	1.64902077551089	5.40115357209673	1.78456967941033
Smim5	1.47178959375775	1.71664811178215	1.33699852214096	1.64601256227021	1.28891493030167	1.78448150543265	1.27213595094377	6.67881313209487	4.22397697614517
Lonp1	2.56278792383314	2.36958958623652	2.63184016708184	3.64504625447557	2.09458639500837	2.15987170344089	5.37085516150692	7.77967956905391	5.1399157122302
Tcirg1	4.66874593459466	3.23804094443278	5.61372845879579	4.48731569062268	2.98616443862399	7.52653595551436	7.38654038373817	1.91606732343236	6.44305938314619
Pcmtd1	1.70725618780149	2.31107414269018	1.99990444770559	1.94320677470383	2.87902439544296	1.51309926603199	1.67522125275271	1.40196717853425	1.29020696383771
Usp11	1.96787308857689	1.62352454651443	2.43983182251084	2.5985137236706	1.12969413413161	1.263585440971	4.45914854939277	2.42273000950105	3.3114319592191
Prkab1	2.82227210419066	2.54771095367706	3.52538708231874	3.29518899683225	2.53776207836727	1.21394314695164	4.68252389931288	7.96327138509985	3.97785889419931
Zfp397	1.91513604301702	1.63622250766318	2.00962759184431	2.42125254796014	2.37826599087525	1.73483921141329	3.57289535257566	5.35287806920722	2.48014074803652
Cyth4	2.2974567068792	2.34979868174492	4.99330385835202	4.61876406721144	2.76988785014408	7.73207512901282	4.25310297667143	0.466531826305129	1.8820302008808
Gdi1	7.44339875324314	6.96767325449964	7.67490318023655	7.39318239551275	7.31357421800337	8.2063618995915	6.46036482859795	6.58566164192129	7.04931054446514
Wdr55	2.23137338999678	2.40038604192978	1.97887054232472	2.47533908273262	1.95785761618794	2.51834507790633	4.89454190326413	7.66637863625107	3.26544113083538
Tlk1	1.86305930227693	2.26535983666296	1.86909527837368	2.41656932033156	2.09695307853894	2.99993511221271	2.26362607533711	7.07175041877859	2.72954490757663
Zfp639	1.4150512753514	1.28535783173449	1.45026090151772	2.00246987183188	1.29751277368484	2.31617080232936	1.79913286043611	6.27972166731685	1.45788912657666
Rnf2	3.26333874114883	2.81723467283494	3.54471356377738	2.35559634221179	3.43680742385428	4.81712464478666	3.60626571544017	4.62549616757767	4.3253956203618
Ngly1	1.88572743080434	2.43407340425286	1.73857891680807	2.27692452560043	2.79062090954439	8.02823414690187	1.73321303949108	5.66697554441028	2.09076802821481
G6pdx	3.50632977854329	3.71024167185575	3.79970934341214	2.60475033802827	2.63935901709416	1.65710660643287	7.16095905036683	7.50312232606369	5.68848171604902
Rasa3	6.4092493995434	4.62143331644108	6.00226496275992	3.89817011061413	5.00415526609472	3.26930953272888	5.06556206634179	2.44630467267993	5.74603249051372
Cdt1	2.7703318781511	2.21199198520053	3.02420654357776	2.98663472273733	2.09418660894868	2.87638606216913	7.30686263400541	8.24995424650183	6.39497397977526
Psmd9	3.11249748674603	3.21766566989627	3.74944386811765	3.30436661975954	2.35600358380595	4.39279349509638	5.92332273397077	7.78375700830886	4.60778256960009
Nudt4	1.63105864844814	1.88219742705972	1.51455575024037	1.53426334637632	1.22335028751171	2.16016595151944	2.66291434844481	6.22826121417544	1.64780400583951
Lancl2	1.46238568203872	1.71568669425687	1.24782590323354	1.02897633851857	1.29371595019372	1.83197915652059	1.22133880160547	4.00394500458101	1.53264141273017
Tmem173	7.51912567969423	3.81184744147922	8.20818619291548	7.78222374075358	4.62122986364434	5.66071991688496	7.2714694744082	1.38307494154339	6.68662133754038
Arap1	4.20975656088697	3.63496836503073	4.88574262054517	3.29143419188008	3.97576116763301	8.22357597501625	4.53979493388018	1.99951382238481	3.87919119209588
Zfp930	1.442726673558	2.31454320030508	1.3024627218323	2.11037629783224	1.31153148026163	1.46029596073662	1.46579636289583	2.20018562611514	1.25197877077819
Nudt16	1.63041354601235	2.00283904364045	1.76363722288622	2.58386719899742	2.02991588964981	2.07833197030557	1.33188881008256	1.21557330955307	1.26443793834377
Capn7	2.24054442196684	2.34579112216596	2.28103392456253	2.79258418532463	2.71441639466085	4.45726502180682	3.66002508245764	6.1054539622478	2.96959174172352
Ccl4	2.09125315077157	1.55545914830875	4.16802891525755	2.17751165509089	2.014836281275	5.16168890546034	0	0	0
Myo1g	4.293126004831	2.40038604192978	5.24864257207403	3.14803757534632	1.86242387251984	5.14120824038705	6.69936161986485	1.09412953277406	4.56554369547235
Ints6l	2.57783611017966	2.39162970533885	2.09072755383992	2.40450545438024	1.91934829318658	1.83197915652059	2.83006392500116	2.70243307120244	2.50611766463374
Cpq	6.13181584402578	4.67665218711567	5.82834833168068	5.80957069977361	7.25512042163626	8.33047889073626	6.19206921013783	5.55092568813912	5.05947297634235
Slc35b4	2.21673748929644	2.33673000360584	2.63659446026627	2.28098903720787	1.7188067684489	6.60820075618302	4.36971869498818	1.83140689707888	2.09076802821481
Scfd1	3.68664605225635	5.7598613467265	4.21678897934833	2.48357500059377	4.42297273113478	2.29470684119184	5.02276413802721	6.43792459666562	4.22840849848979
Tubgcp2	1.68765871590227	1.76978630609236	1.77376691618973	2.16126407633281	1.67113845047616	2.31617080232936	3.38374646636715	5.36279114190765	1.74087575708495
Mau2	3.09977670272052	2.65671266742551	2.98407993109226	3.33508510420963	3.00488406879939	2.1644910478479	3.84951430663089	6.83890264899736	3.98132005193318
Tbc1d20	2.89241656921029	2.44481542954916	2.48100859396149	2.41885411402475	2.34704257935903	2.44343138192948	2.95525342883888	5.49098176383755	2.09076802821481
Mast3	3.54765752860318	2.76180108615296	4.84817143133817	2.68327566174883	2.29550682752785	2.58544545771083	5.18652967337927	3.43494268769259	4.17077831954362
Mfsd1	2.97757508415891	2.69033588622446	2.93528602030933	2.25713756489206	3.46060682871815	2.15987170344089	6.38096968870132	6.72184544675013	5.00647487847356
Zfp110	1.58030348054184	1.8566500957293	1.54352043461372	0.868359352886127	2.03670811604105	2.47752858792263	3.30558611331618	3.69414195866206	1.48640065796447
Ddhd2	5.33226423529775	4.1683400172027	4.16413156002915	3.38339406132797	3.66085875502052	7.74835944848503	5.84534697067984	6.53075732792201	4.7746734455007
Abtb1	1.31005392005914	1.20235225989479	1.42369408426235	1.06364801990077	1.46988635162321	5.14080557822817	2.05679378487541	3.90543008702099	1.44932061999183
Pwp2	1.35884606105253	1.30751003547369	0.934586405336061	1.35262916342651	0.876915340161958	0.52089606446165	1.56334304480244	6.00724217144258	1.39403957722273
Rnf14	2.69002420600952	2.86538991481194	2.80358500801003	2.98789623456101	3.98299921696121	2.82074839623087	1.81685367347343	5.6911988441165	2.00643239685838
Mfge8	5.81396760575636	3.17509895087455	6.4155296551231	2.46047709600589	4.95547040264612	2.40766300557897	2.68552945319684	1.11603043695303	4.83522610323068
Oas1a	3.53006614880386	3.42661297084117	5.69836434058242	2.11748843532554	3.56846339802579	2.24506454717249	3.62904636768341	2.79862442622056	2.25696646160384
Pacsin2	2.41152369530224	2.64231223248969	2.30537400250695	2.63104533532181	3.04709354456125	3.15843075349702	3.78650670437492	7.52971365733399	3.14943692890358
Dis3l2	1.6673687911455	1.83487029814843	1.49143100068963	1.03717927320921	1.37701215856967	0.87898117084115	1.38126240255443	4.23042296766034	1.33143992239802
Zfp367	1.86451205855059	1.41793452065604	1.92569644249705	1.86925947178556	1.46170311251998	1.43824629471488	4.02509531980928	4.93338828634754	2.24550243591837
Colgalt1	4.47614842624927	3.1607011125355	3.70530621558775	3.64196357558168	5.41117238354815	8.62001790571166	7.05269656497354	6.925944378677	5.89173762345195
Hmg20a	3.08857400387235	3.79059819980268	5.3952433439051	4.27548863800314	2.89233584086784	4.97651978221575	3.29691937581881	5.31088122015895	3.51559912900089
Rab32	3.12816612212028	2.32994213479061	2.64899617743801	2.13263684700443	3.31818903723313	6.70245223186302	6.87844919283308	1.26588066961543	3.01540703516313
Snhg5	6.55704185470509	5.82808049135621	6.87399974573318	4.2491749661223	3.85071076906847	4.08702636531573	7.27989199379539	8.84976649197284	7.43132617218751
Dusp2	6.71064287740265	4.46231934139858	7.43133318209357	7.37756931637111	6.21678790990173	5.07987397536038	5.74249176413953	1.67387064690105	4.61994462254346
Cln5	1.76432441005639	1.8035747606308	1.90470345006024	1.40305157598032	2.48545789620456	0.618036009568955	4.50865574773171	2.83599151436939	2.40476273580371
Igkc	3.17270907171217	4.34696984837558	3.32986823833483	4.3178694302265	5.25075363372352	2.33338218614186	2.50253512635704	2.91091653026549	3.14323041964148
Vps39	2.32097256288656	3.10923409416522	2.30529250992713	4.96545375088009	2.40507293148498	1.78962699601002	3.25093696213213	3.45468285976885	2.05844895426034
Tubgcp3	1.88604305695506	2.37804588068854	1.77832313779179	2.66255147061432	1.76821997332137	2.03415343209756	3.76476906770888	6.74983555990496	2.80914524206877
Sppl2b	1.76432441005639	1.94463403352079	1.61216812407163	1.78893703574332	1.60166893490032	1.45493233085591	2.02945540154148	7.95510141614371	2.30193536540361
Elp3	2.39162583610488	2.70953231166434	2.62815130126554	2.76284363385814	2.3646609426543	2.10566884274006	2.60710643786799	6.15416889891974	3.80550048456637
Atg12	2.90856172645246	2.27375255722258	3.05652485708976	2.44792341382687	2.06553326647524	2.47752858792263	5.48812693355553	5.4087714427582	3.13561408764145
Map2k5	2.11400556512616	1.94463403352079	2.25552257020062	1.94720542397848	2.15150824214927	4.07246726622783	3.47617615449288	2.01660330958731	3.37141012881483
Ppme1	2.30416688106119	2.39162970533885	2.54102720271952	1.95475052141118	2.33200867714829	5.96487066983715	2.48912762918598	4.17887006776207	1.99227297182018
Tcn2	2.11895160410063	1.45599986011329	2.26130084853533	2.06274612894488	1.44360690388505	0.83689632128695	5.78617484212447	0.908377099919262	2.04783562683191
Uba3	2.56615025053688	2.83912154756839	2.17672627853409	2.5048639485231	2.54352747280234	1.263585440971	4.37084858390662	6.92321860579271	2.85008769528659
Cnot10	3.10004047699484	3.45350185942675	2.82956806115142	3.24067996522656	2.89749037530858	5.24875528463942	4.66919790666896	6.63148678289671	3.91872501270379
Nup107	2.07348161343731	2.13922923452831	1.99786548425141	1.2068543154858	2.0769891984026	2.29470684119184	5.93852886075855	7.16477180047572	3.78256314878033
Mettl7a1	2.55605300284925	4.24857740533804	3.35932562759108	6.62879752911649	4.9614236344883	4.31476554174139	3.61787712418883	2.90929863248896	1.86957846583522
Atp13a1	2.68918712462522	2.7329629805251	3.04255807558688	2.47926995945978	2.24462663700787	5.59279136649085	6.60071426904376	7.15619145718803	4.77402426267044
Ctsl	2.28660467047501	2.86134118461516	1.8396801755842	2.38744151243034	6.64381276227822	4.77603428468367	1.07304139443999	5.39141474125423	1.12201936830568
Orc6	3.17607072995543	2.49158634307981	3.16422641517446	3.10229846096697	2.50806297346405	2.97057412037613	6.72042239379349	8.19905272355933	6.05860380121675
Heatr5a	3.29923783888998	3.04724014706829	2.14613702378578	2.90074319709575	2.80566711721923	6.76711099219431	4.98264368820442	6.74521275705191	5.67144476554215
Rfesd	1.40713826551073	1.6790118967536	1.24120308664383	1.45662639048534	1.57797750761448	1.51309926603199	1.46781296944804	7.19341965078855	1.31722594268201
Slc18a2	3.14068290016081	4.48785940381193	1.71783788724664	3.2642069024202	6.5892521680649	6.23207242970215	2.41526105778463	2.67421681526625	3.97930057287049
E2f6	1.97429207255262	2.27827918523242	1.97670946258761	1.42625333150851	1.34689198207953	3.15843075349702	2.69511814730974	5.93803722631493	1.68486062379701
Ybx3	4.57896620047356	3.23006524288463	4.74946703270417	4.03928269965394	2.75479643382763	0.87898117084115	7.62655257273538	8.5085049972594	6.88590944635966
Abcf3	1.68051177312854	2.88238341890485	1.58468058091368	2.00480448567616	1.82838725102757	6.31383224246969	1.45850144805976	5.05944548017833	1.64647559030064
Zfp869	1.02458218769045	1.43190294461854	1.39348509772487	0.719614647444202	1.56376152376437	7.64841575214487	1.05481933134388	1.31598248502184	0.870018456508668
Rprd1b	3.11515252537235	2.81723467283494	3.14031819126795	3.22050771680146	2.91377863924378	4.66860602279595	5.85159420535892	7.09166667152085	5.27715245105429
Casp3	1.77205786077787	1.87864920094632	1.96403658433328	2.43188839630078	1.37348065931115	0.82021028514592	1.91110117903734	7.66420143425204	2.14597122642227
Gclc	1.77804213808641	1.58121560926545	1.69090947005831	1.79499763696274	1.3563632283184	2.07833197030557	2.7239805114675	6.39789330899869	1.84614885381963
Ctnna1	2.09206840926672	2.60553282034344	2.32981691854031	2.34923730660512	2.88243170757447	7.25680632823348	3.07862935065303	6.68900402165275	3.54349405857586
Cd84	4.70794903006068	3.84136034522542	5.38621510094159	4.80012921693852	4.54677252683486	7.01769765344352	5.70783764713828	1.75336602568361	5.65115616968622
Emilin1	4.93566891302854	1.8566500957293	2.53909122976264	2.2183170399885	2.51013195575	5.59150224876736	7.58337379294655	1.53930329874374	6.72751589454695
Tespa1	3.40202649660502	1.28535783173449	6.64854952853439	2.04659232432227	0.999288245287496	0.52089606446165	5.79454335725132	1.0442902346553	5.67219292950334
Wfdc17	3.66695010135947	1.81224355291811	8.16141147797763	3.11224497549467	1.50434780096975	2.15987170344089	1.10628992960507	0.911183763375626	1.69850014912852
Tmx3	2.56654282333386	1.96455126556056	2.28467062363861	2.04106431134394	1.91682918235864	5.67526936539687	4.5397475791059	5.35994072835197	2.57454941383562
Vwa5a	2.0861645382292	1.58121560926545	2.28094033743588	2.00660052533218	2.93312518463452	7.55110546859368	1.82442223322371	1.17147024999815	1.12176571679021
Me2	2.9076108938747	2.39892540841496	2.76699025056203	2.30581934715849	2.16662774619725	2.99853084836272	5.95034862851704	8.07152002743134	5.76300905150628
Cdk17	3.76108766571121	4.15106386815781	3.0220334477557	3.69569263887746	5.43637520904337	8.26474512149122	4.63150382530446	6.08891058678315	4.8142677075148
Il15	4.41751584519585	2.44481542954916	2.83385305578972	7.25092383927784	2.69074947558404	3.74458304949543	3.28383561821181	0.556924630247421	1.46716007074768
Gskip	2.15677493124661	2.27375255722258	2.04292653517467	1.45344493203281	1.9012857040971	2.28050624588254	3.66083999485581	4.920513525327	1.85949365244576
Uap1	2.27438798710334	2.57952782006804	2.38884598998632	2.38066331051589	2.2982104416479	2.49141736095747	5.45050897299147	7.49853003734582	2.74023910239412
Tmem263	2.13752908582504	2.17227839663157	1.86624573725279	1.95455878408915	2.14224133274961	0	1.85683325109266	4.03101158922919	2.32208541511801
Ap3s1	2.311381669902	2.60553282034344	2.15390667597681	2.47533908273262	1.79286713839399	3.19416019114661	8.80968190765505	7.10538815674088	7.01641588437804
Nup93	2.20884937369147	2.2063467929113	2.24839225786095	1.85454583250145	1.79611869628438	2.24506454717249	3.86902461507843	7.57273432961078	2.94987515475334
Txnrd2	1.77826308401726	2.2063467929113	2.10953025460078	1.77899212076058	1.9570455508675	2.9733952267686	1.93621748554433	7.40179830551351	1.81530165090591
Dph6	2.46171739149522	2.21199198520053	2.57151070019137	2.4625801819167	1.84657431862379	2.21903085722206	2.61459083736561	4.93501408013653	2.27231670079933
Zfp36	6.76667778127809	7.50693576198318	7.09554482882664	7.26348284075755	7.79592570491701	6.35512816833324	3.3438164115159	1.50964680266584	4.20757944333198
Lztr1	1.67390878178451	2.09910560344277	1.75173640929361	1.41051861401187	1.36215770285594	2.43410715025399	2.96644243708824	3.60714260049156	1.66377590934224
D10Wsu102e	1.94540091233082	1.73801023059881	1.74751191680049	2.2335065661538	1.8544711755718	1.45493233085591	1.6465143457957	5.32071127095764	2.1058678110449
Sgta	5.99506623486966	5.60743412972541	5.12141380522087	6.56800417014938	4.69694038461314	7.47516304435629	5.94379204116419	7.45694277964516	6.09625157205989
Hars2	1.7236824666019	1.81224355291811	1.66863813232534	1.93238899156656	1.36215770285594	0	1.46141908711492	3.60701443200799	1.68486062379701
Adssl1	4.431835416708	2.11904195685981	6.47426585719768	3.94558789771505	2.01877925144496	2.59273179064138	7.36061417751818	1.1655599641864	5.37504323130088
Il21r	4.84318416182825	3.15312889905407	6.854162789384	3.7022491315625	3.8667003707536	1.263585440971	1.56411653684441	0.684788685837539	1.37162739748969
Zfp35	2.15969221600646	1.85149229660814	2.07122202053497	2.67140910333729	1.53503741821569	2.72704241298363	5.58691879721624	6.43627681328157	4.51423497228851
Zfp24	3.5523322659683	2.42254004617648	3.10596502377199	3.29316832082144	2.36181263399031	4.40816322293466	6.28788899666079	4.66625646638199	5.60889459348806
Nedd1	1.58596908233088	1.46223594033636	1.84457180067071	2.4677632261932	1.83186351130877	0.87898117084115	3.43501302711666	5.41140268505172	2.64959341132188
BC005561	1.76222563052636	2.21199198520053	2.05803255959585	2.56573738682731	1.59656121347663	6.41706427046612	2.64142191787603	4.53068081309276	2.40738881483229
Afg3l2	2.97913869200535	3.28935545647104	2.45750735042423	2.34876197586579	3.51980711381542	2.80430576942882	5.43864186678092	7.66674896520847	4.12690658609279
Sfxn3	2.82601611085034	2.86650428651145	2.60475130911383	4.33015044893614	2.69552941451103	0.83689632128695	2.28593153997595	2.10042786852495	3.02954411602456
Mfsd14b	2.70578154049221	2.44483582082943	2.45767698970965	3.35434801812408	2.54942259986449	2.64406334924966	6.08762843781075	7.71044732016359	4.47892603839951
Ice1	1.48508910850598	0.904374771162929	1.31647664741247	1.63765806294597	0.977087387828509	1.65710660643287	1.17377966958378	3.3627770678902	1.26287766479185
Nceh1	4.18089851225127	3.90438430463674	3.16172074416563	6.08410802570863	6.94128334154673	5.86926012759917	1.98034179776388	1.4607132283687	1.89337311303784
Prps2	3.24180921660861	2.7329629805251	5.33784570749164	3.44533676046543	1.7492914424498	3.05920780889993	5.50569753705281	6.08650334907384	5.39016337274455
Myl10	6.77093033668307	4.17659495678085	7.25485713721888	6.67007018999747	6.11378781455798	6.62382125095355	1.0937822573026	0.747200239591751	1.08837484239221
Ubr7	2.14640890486633	2.2097794384399	2.06446756024633	2.45827514078272	1.90870536506902	2.8686565020434	5.75732473932633	6.9595260433122	3.37676820436704
Abcb8	1.61651887343229	1.43348749044592	1.71297023915261	2.86929098481313	1.64288983689466	4.96808257890456	2.83575051585263	6.11731909765099	2.05681697723134
Crnkl1	1.68596151341523	2.36620238400569	2.07080172595916	3.93093803353818	1.77683710215602	2.6654749470942	3.50477616355074	6.00706607515614	2.53319862800393
Tmx1	5.17556122948825	5.992520490997	4.65126157233247	5.07157361713076	4.95660177706477	6.61420462137217	6.04876802861281	8.42928717837362	6.55439664728481
Hsdl1	2.09728013726019	2.06586056310887	2.01778485119792	1.96114416904569	1.75654288008858	5.24546325629747	3.01677601165739	6.87113783382089	1.78925899377805
Cyp20a1	1.01329191249352	1.29019207279421	0.953892283300014	1.59177587761461	1.34702324272348	0.83689632128695	1.36232948214149	4.87760459319404	1.43698108600422
Birc2	3.11563115277555	2.9200786510993	3.19732643386403	4.98028049282473	3.35354751171407	2.21903085722206	2.10601461376322	4.9386321961964	2.50024920752521
Dynlt3	3.15059167841304	3.20337223970892	3.23826258889768	3.37171728145047	3.31783309110179	8.58567848071146	3.17801253991284	7.04042403119902	4.70261315236427
Neat1	3.71686502070285	5.41035896927179	3.41901153416672	5.54668096795161	5.82045726719087	4.95157424630554	5.17445841764236	1.73329156132777	3.76405607608968
Stap1	7.13990352835219	3.75628209173743	6.77738492046697	7.40505430395709	4.34369420139484	2.49246127605546	6.5006120747255	1.73949387861242	6.53759661119994
B230219D22Rik	4.83738960936397	3.81592608347273	4.71118231491591	4.89391560773537	3.16952075391701	4.71145263082775	6.50260031990656	6.74413513865363	6.26180283624033
Ctdsp2	4.63477570289666	5.04142005978558	5.10104391346663	3.61733499277887	5.23448359411593	6.83730748565397	5.60966091068046	5.04752764407257	5.69482749580115
Rangap1	3.11323937695898	3.20337223970892	2.96477034794934	2.21883848916438	2.44354571983286	2.80430576942882	6.25654363778302	7.98504689409378	6.27671201359691
Arhgap1	3.29712474342465	4.41219016057874	4.16224368585488	2.82865500184783	4.71217577458602	8.48476795889837	5.6616088076854	5.91481036404689	4.8042934539404
Frmd8	5.2458536187352	3.78108119902987	4.21487710173224	6.10292934867404	3.39455782226602	3.74458304949543	4.35181499600361	3.35743100098461	5.34136791361352
Dnpep	3.54633938688655	3.2432578178972	3.12978500057327	2.51855925050292	2.30225794346264	1.7158774921281	4.59429489262782	7.05681177747858	3.77088882305366
Snhg4	4.38362409811602	2.94783499464083	5.56418953357168	3.2383870834059	2.52054273050666	3.69939081843185	6.90377787769351	8.13638105221243	6.73689343294612
Slc35b3	1.07561082293621	1.10708875939626	0.835524686785274	1.43014290294647	1.44431250674552	1.21394314695164	1.59469036399735	1.52126099445615	1.11023026678324
Pik3r2	1.04861157645463	1.66796587180522	0.993187461992518	0	1.32697135281576	1.64359498338625	1.82666351597861	6.8191208861932	1.20967037429455
Hells	2.93721838752597	2.06586056310887	3.019604548099	2.4868458159992	2.01186615734813	1.65710660643287	7.06948838058499	6.51692543902158	5.28953311474271
Golm1	1.72353724632856	1.77086957009152	1.60915519383123	2.5109833939635	1.295183382485	0.82021028514592	1.61114814185547	8.00893447831795	2.30166174914845
Dus1l	2.40952578750058	2.89701830386602	2.80408441933639	2.42575275795592	2.54309465333823	2.60983728115594	6.7117376754403	7.61472188253012	4.51340479341569
Fes	4.63243717561537	1.74104603377639	5.00835506244988	3.70385617090833	1.85144327781212	3.50403414974915	7.58867863340246	1.11680799081368	6.8128582184672
Foxred1	1.95922454669036	1.71568669425687	1.69993637593103	1.11079103789417	1.46040806937951	2.72704241298363	3.78593541407715	6.11408441483464	1.7907706187148
Man2a2	2.33836410165727	1.49028612858685	3.11544707488553	2.19268760989848	2.14148953288124	0.52089606446165	5.74723771042079	1.26725785549147	3.4859875974841
Dhfr	2.79454370897562	2.13090778068058	2.40111751721761	2.71803871631166	1.96799813831444	2.24506454717249	5.40516143746254	7.8451234601981	4.18132339150947
Emsy	1.58496775789994	1.38718940125449	1.34135939437745	1.70141038721331	1.43141415916357	1.64359498338625	1.77982534121068	1.85416584130781	1.64237201443387
Ier2	6.62919385035113	7.01813358097218	6.75135779515587	6.70665589445832	7.26847545419444	3.05159739922931	6.9981011319095	6.2039936219867	6.79408035512837
Tbc1d15	3.42507761816308	3.82148038443711	3.89568281270135	3.58851394269952	4.1000837233776	2.72388140170761	6.09177114922681	6.5783573537408	5.78991701855866
Tmc6	1.56530920655943	2.22250075280494	2.04034383822068	1.76755643621576	1.90801089726668	7.77005362131377	2.40303616277396	6.72862015787175	1.84646979824933
Pfkm	2.11311247197499	2.42254004617648	2.05936496445398	2.47525997040758	1.81236742012555	1.73483921141329	1.66373792738539	7.12910933903993	1.78104117865406
Cast	2.09498738394632	2.35398405341526	1.90980522537577	2.20468496681281	2.12424136373416	0	2.27308958445788	5.08089798950825	1.78456967941033
Fam76b	1.67390878178451	1.53722593225092	1.74204572003533	2.20118918816707	1.31508117645597	1.69141777374464	3.07474022920839	4.49895011941851	2.20281930735543
Clptm1l	6.60722277804688	4.96607638755959	5.48674895312524	3.80684677533137	4.77314059569636	6.40406217998807	7.3574336281579	8.42770596298109	7.12183236806653
Sigirr	5.52455832886247	3.7319928669106	5.41953860712825	2.55200749884926	5.45479887000132	4.08842724083126	3.12324287562417	1.40545099230022	2.2214487481032
Pitrm1	3.80838257324926	3.22876374456087	3.21211594418059	4.60274656312861	4.04558391324457	2.6747163836071	5.5882055519808	8.51696443342631	5.51413540710263
Swap70	2.24256058184278	2.22892628309479	2.68206150768829	2.52360805873807	2.11331398540221	2.33927713157777	4.09917508705134	3.21960388268732	2.39541416633433
Wwp2	3.08891237401297	3.66433937725778	3.30173682571756	3.46720412383021	2.47990546544438	2.3333095511779	4.59239546796828	5.27088623482623	3.17680544455493
Sptlc1	2.03391803528252	1.89982814676923	1.80232646619296	1.63791051737433	1.96228914631102	4.02607831247673	2.0419875443433	4.14826893880756	1.9150274842426
Gstm5	2.10721973943772	2.71553012363378	1.87106036701285	3.35653476400046	1.97244136342395	0	1.66930963133735	8.51318126320789	2.20281930735543
H1f0	3.16143303667632	4.72149942893068	2.61901852418842	5.30448877914379	7.09659675379967	3.91340331731492	2.65038712752028	3.18007325839651	5.65937584422862
Sdhaf2	3.48148651412381	4.06977340190353	3.44354069649919	3.1826490844686	3.16409377874115	4.47544409746786	5.11823508223175	7.72300661992426	5.02796852190029
Zfp451	2.61433169478827	2.31367014460865	3.07439394722831	3.88718486442387	2.63690793439297	2.64406334924966	5.42079375108318	4.82957708099648	3.02749629245049
Slc25a45	2.53262576061256	2.15535134169357	4.85150111255495	2.37290682936611	1.89745783676457	2.20951399746025	2.59654366418706	1.11520058671368	1.93214885174088
Incenp	1.39326080611777	1.44132055175372	1.73968099135552	2.11037629783224	1.36215770285594	1.3577923857486	2.88712704352854	6.29520240263665	2.19439190180534
Fbxw5	2.5160160888731	2.38322511522641	2.49984818236485	2.90560865666253	2.4496474530722	2.36616072640994	3.19744846874493	6.45170076805105	3.0533876660734
Clcn4	2.90472013929586	2.32652552086338	2.74256321347226	2.41984013573699	2.37136786109561	1.6491574097898	3.46048034205178	6.01886590132582	3.98701247931355
Dhrs1	2.33575364925809	2.31743065597613	2.2748483769041	2.45943014709345	1.96244547521285	4.7860163050066	2.32177762149046	1.76972785977788	2.0895899099203
Edc3	2.10227555300769	2.44483582082943	2.10462510594154	2.95547177900897	2.25131498061782	3.39628658256006	1.67788920643977	5.14397084482589	2.10931605374278
Plcg2	7.29578464879557	5.51877300493157	7.53730093329707	6.69515105606674	6.50124876805294	6.34534059433088	6.96286229728396	1.54020822598879	5.99488798606858
Gmfb	4.65750470763241	2.92718667465933	4.09343533218965	3.37829096021565	2.30792491313751	5.45640080866324	5.62051185018296	7.40000082806189	6.20381542691975
Akna	2.1066520477438	1.79385617573318	5.10644653805908	2.16646039042849	1.15536445185731	1.98119202519827	1.86351437823136	1.98009296016597	1.67231285824527
Aig1	3.50408855519128	2.41597991678802	2.89492790063175	3.13726531165007	2.24149372380114	4.98988276904144	1.83217735406734	2.98622255402285	2.04113215996718
Abhd16a	3.95152658976305	5.34702706494835	4.46814338901899	4.74348832288424	4.34381055569491	5.93172148171137	6.09462918287231	8.15569023912441	5.65101099064139
Setd2	4.60131058451521	3.35378975339391	3.93602994531844	4.06266618869916	3.31285434326048	7.11085237595448	6.05644515229474	6.6350308773203	5.86420123330711
Exoc3	2.85397535946113	3.59173029409044	3.53045119483339	2.08612330557099	2.68579845009641	2.49141736095747	2.64166517801641	6.47028938524421	3.29686422249732
4833439L19Rik	2.48560021489972	2.39074655755929	2.41411696775524	2.22514182397825	1.87004969986835	2.9733952267686	3.98478312228684	5.88371832684322	2.67596124022494
Chd9	4.63031417316373	4.45566175992008	4.61326489380403	5.55640383400477	2.56516893719496	6.9664327979661	5.50089209431543	4.30411376066535	5.39231547426677
Mbtps1	2.83461865984992	2.82535958000413	2.61947582691137	3.01344735364553	3.15996731188625	5.53624350501437	4.11621689390832	6.10660889058105	4.16250176649043
Gba2	1.25783972958838	1.42758737532679	1.4758855414054	1.09095331000893	1.30461648495915	0	0.928211178267889	0.762827846637654	1.03615425228204
Gm28875	6.20126508419551	7.05332821086979	6.15073120470025	7.27403558715696	7.05669405701284	7.51165246294834	4.88624328747095	2.90283431875512	6.45547445476327
Erap1	4.51562015484007	3.66049172754722	2.73488070836266	4.20443473612699	3.44343946471979	5.82147260265419	5.46450450637147	5.11105137110019	4.30857016135694
Ndel1	2.58074328575035	2.92679781072275	2.1220927629482	2.87367333099284	3.63883777194892	8.91126389520245	3.77926483523153	5.38261963468318	4.35543725910716
Pot1a	2.19081124472576	1.78692346148662	2.48067586973021	1.86780979083748	2.05621229191718	1.81214924504577	2.23446775960219	5.88689010276173	2.30166174914845
Junb	3.02202125983181	5.12571413699472	3.30741729506619	3.68865356792658	5.08464641380191	4.31908217902295	4.76379698997067	4.25119423037316	5.41382549223261
Slc12a6	3.98166994068266	3.74124804293642	4.26428380048326	3.40521283901698	2.81110200382528	1.91101497642898	4.40697597248694	4.09771902892963	4.46155647487042
Rgs2	6.93247831248117	2.92679781072275	7.69949840740503	5.43749220781016	2.6569201176627	5.35017789229078	7.33474654107577	1.58443247359583	7.0804657672385
Atp11c	1.53984721602637	1.57808416218661	1.59666445434765	1.96468043837214	1.41606466702405	1.78448150543265	2.44478783410111	4.32625790479204	1.56801931594508
Ctsc	4.26171174804792	3.68540496323236	3.14362964798049	3.83538402433476	5.79225232636458	3.72057694064313	6.84994521198615	1.68498331319093	3.81134453908329
Parp8	2.75165183004686	2.13090778068058	5.5760021142951	2.58153943779677	1.80405442445878	5.40713848391462	6.53519562819138	0.995184865181643	4.77580796372242
Pear1	3.69856562849961	2.81304748822522	3.56535606673702	4.63958333389372	6.45938261154425	8.95680355253107	1.28578107900772	0.862557501162245	1.48426550497084
Ltb	6.28482178734491	7.4640156645218	6.49444090071228	7.45298620098635	7.83736582767792	9.55677566519495	0.919796928701957	0.732313275267888	1.05033632733758
Atp2a3	5.98894215585269	4.17933401411201	5.6656150078392	4.74292329555615	6.90997774873679	4.71131474284015	6.25815331077408	1.19564277292962	5.9568603516778
Tyms	2.71337932530371	2.66786711113167	2.94200045829991	2.55929169734826	2.09892292664512	1.98119202519827	7.21029772548793	8.54805751374598	6.82061181770762
Ada	1.56955364919926	1.22846814583548	1.64848448744988	1.60882907088858	0.687717285829094	5.60650536653102	1.40040277348622	0.943299923277459	1.00214962617026
Il12a	6.07163829625783	2.2293793396092	8.15862215579897	2.92735278434302	2.21391804850029	3.00650183754579	2.86637784291811	1.35832845611889	4.24653568694344
Usp37	2.77194255829221	2.73805688239214	3.11068384198784	2.4677632261932	2.44173655521006	6.58956884292814	5.23081633194203	6.31493541585375	4.58411445713327
Plaa	2.85843111569504	3.1347044619459	2.91214583781507	3.83227428588666	2.69867530990797	3.52798720930289	6.12029110364556	7.02818714178198	4.93385861537734
Csgalnact2	1.96457096038126	1.91597302665434	2.06213891172878	2.09951045689254	1.83590571373132	0.52089606446165	7.64340078075637	5.75536736963938	5.86050215978605
Gosr2	3.05084353040839	3.75250515478637	3.1561248987406	2.94822705164373	2.93330253507069	6.24177610201776	4.81728063662231	6.37396149897282	2.91390842041524
Cpt2	1.19691502305781	1.50639074106853	1.17895122934645	0.827191921082546	1.6728950210143	1.32697913698988	1.47643089654425	5.15445543768713	1.12201936830568
Bmi1	1.59921393975762	1.46223594033636	1.46725425235554	2.86609177422045	1.37348065931115	2.3333095511779	1.16713790835801	3.0219199104455	1.35921253916264
BC017643	3.91749332965266	2.52050993791849	3.19668570800212	3.65297144468883	2.45070541698356	3.71543070956597	6.09118767551723	4.07250604982278	4.99295008976536
Ak3	4.36017209005642	3.30186920278698	3.52299855690249	4.18102195602605	3.10434830511028	2.0148879432709	5.61248640829788	8.03614070389494	5.84534461429332
Elmo2	1.94729421573081	2.44481542954916	1.87763454795396	2.21466684195559	1.65481926459212	1.83197915652059	4.55702455890293	1.94328761019064	1.92580142704119
Fam212a	6.66548971997092	6.69330309809926	6.49496558811944	4.05698837787826	6.93531431232785	5.74672430631539	5.52311127675985	3.30239714864646	6.25065733586415
Trim44	4.29864677879213	3.04257377730056	3.22044784418792	3.97251005590324	2.10175439877175	2.13113527560094	4.63165331162396	4.97283816426416	3.86062799386555
Rnf141	1.54289632545634	1.74988980564951	1.61717959897364	0.954010589981301	1.8776858443458	0	2.38773173308434	4.91808643843465	2.18241770367609
AW112010	7.45107025104354	7.31158717110598	7.87586818722579	8.3045652950558	7.61693073076322	7.23123993998813	5.75879345094991	1.61727727661227	6.65134837434026
Anxa1	6.96463475282336	2.60583711117029	4.56220683386947	6.55529836512725	4.62991991932383	2.24506454717249	7.45794882508744	1.06604552658189	4.84802588006324
Ext2	2.86898058336991	4.76377513815347	2.79862909045778	3.30910362176137	3.95401222699017	8.44096419353487	4.28288664922088	6.68573093727238	3.76449217236885
Arhgef18	3.52251997488498	1.58121560926545	3.89735064780037	5.11446564473282	1.32432443161385	2.00741803056995	2.22263790698701	1.01851716118551	3.0204679753581
Gfm1	1.99012287551691	1.94463403352079	2.01630093373121	2.60631037854483	1.65395695990193	2.89204601132564	2.97618996636202	6.93128022471295	2.1306117409547
Nsdhl	1.34904369257318	1.45858848576747	1.35628049814728	1.8854350235797	1.16438691500527	0.52089606446165	0.871727718450797	1.63063921646096	0.918342055102786
Trafd1	4.09237238410343	2.70796269272366	3.8757033667909	3.82944929345524	3.79028522007272	4.10570227391023	2.98763949382024	2.89398940244726	3.54806707681978
Wars	2.90576613579413	2.8819086951424	3.08671890187301	2.88590989464701	2.17473842782024	2.07183572617972	4.02893128058271	7.23609273717768	3.95779868793757
Rfc4	2.64424889256643	2.25772455368963	2.40062564194042	2.7663218608624	2.09222842064245	1.3577923857486	6.28515315833508	7.97350958513792	5.70769257485922
Narf	1.48449663181921	1.62499868303697	1.72006632438997	2.38343152337813	1.54062015575548	3.0808905274013	1.75009873746931	6.67093576490976	2.18284564071669
Ddx20	1.53347968426138	1.57808416218661	1.65202639590978	0.481090993922661	1.35605075892152	0.618036009568955	2.2761152322661	5.48402795550169	1.89337311303784
Tnfaip2	2.08485916648772	2.46145981532691	1.89852953390157	2.77036927437226	2.45363150371114	2.99993511221271	4.52041284188616	9.15672273454864	3.32209014592324
Metap1	2.42391235768106	2.32652552086338	2.38118644518504	2.55929169734826	2.07044437904262	5.73285792159778	3.02134614030677	6.70001956813105	2.86756642385632
Abcd1	1.62279547488663	1.71664811178215	2.18953061197116	1.25718904567421	1.92040249937295	1.78448150543265	4.85177250195926	1.03667022689494	2.22775325104255
Casp1	2.08893747324368	1.64962112885957	1.9118632729346	2.08443039547733	1.73815831749332	4.51385485374665	6.87991701311778	0.746430615227566	2.19439190180534
Rit1	1.65604944411058	1.59525175454499	1.58908672022346	1.88227141395153	1.20541806997415	0.52089606446165	1.467081744069	1.25590111332808	1.16473918412704
Stat1	3.30114005637934	3.7874907292202	3.85788639689171	3.2480318833092	3.45515028871488	6.61513219241323	2.99049958172172	3.30427559719208	3.120823352383
Ifrd2	3.41601542848007	2.60553282034344	3.3708056896762	3.81341280472001	2.20154601304584	1.88162145053995	6.13031690367695	8.11331925817954	5.26140364780203
Lrrc8c	2.22938818489401	2.08956381472643	2.50562130817464	2.03613885916806	1.62132662251044	1.64359498338625	2.27715383130219	7.44840100149195	2.6738765325416
Lcp2	5.38139496412067	3.68775105617865	4.89897373136059	7.41623073633134	7.22898241148028	8.89738589232654	5.35075509942066	1.41997728215184	3.10654847354328
Ocrl	2.60570470202049	2.36958958623652	2.20296100138648	2.77675968572092	3.27054220048119	3.86718385011684	5.0109673233921	2.49631636239357	3.49624065274822
Ica1	2.60480792497015	1.85149229660814	1.95718018567594	1.78230788239534	2.59809866388741	0	2.88000515645724	0.752119743784118	1.40723473879946
Tifa	2.00587700630076	2.86134118461516	1.91514787928317	2.35472602099581	3.04925314530981	1.3998772353028	2.73188274058486	4.86598203803664	2.39335747989304
Rnf115	3.09924274873179	2.92679781072275	2.83112627571291	2.08885536996326	2.46859155824295	5.3976796140386	4.62138811192837	5.16507261660021	4.55005793554728
Ctso	3.28673099331133	3.00519030839814	3.92480823919982	3.21100141190772	3.27267626084069	2.78999614727014	1.45724896729362	1.36331680312369	1.79552368839896
Pak1	2.34873006206139	1.99632989351199	2.4688952134287	2.39345339125505	2.45326969955172	1.7158774921281	5.16832453253221	1.13519329603431	3.16204444311823
Cmtm6	4.18025830230401	5.44948476963519	3.64934534817252	3.60821889760525	3.25650196827738	2.46330067151724	3.69198839513956	4.89717716809028	3.84575268603614
Rgs1	6.98471881756573	2.93239821557013	6.82575800169561	7.84723354325198	3.01349818520509	5.6031729402228	1.46791193309783	1.34851988042383	2.57973860224946
Cd1d1	5.07257820280195	2.60740623034406	3.54428708272088	3.11652188224633	2.30069695854265	1.49701718041011	3.27412950976832	1.56897036200677	3.6606296132149
Pxk	1.6827242313593	1.55926706457458	1.68111595649129	2.15914726163201	1.88839236071832	0.618036009568955	4.65581174936334	1.23517760231477	1.30211118601755
Gm8995	7.56674690667496	5.19424953651892	7.4832170013833	7.81756303397461	6.05421346011401	7.50124151200785	7.26672583434148	1.55459591756444	6.74228603723958
Cep68	4.06299272193737	2.92679781072275	3.62806118764003	4.51035132881631	4.09395292435469	5.37477371883591	4.33863422557462	3.23504919579873	3.21854719229722
Gng11	2.50408260350606	4.12096743228723	1.21748561060916	2.41204858393445	7.04198520405012	5.32715946615334	1.04998210078105	0.519201272532733	1.08814184089952
Gm5111	5.65742471177717	1.10540346102929	6.08099258906446	3.19920277824712	0.896949583087502	1.13893207403061	0	0	0.210983572634085
Neurl3	2.49702675676349	3.15312889905407	2.41959216750164	3.84480337412504	5.01500704730458	9.55848422442173	1.57343253098159	0.831052441497707	1.43607402440435
Alkbh8	1.54289632545634	1.80503298405049	1.41371256667489	1.86589505670616	1.35717014143555	0.87898117084115	1.82681267154256	6.44469958470749	1.73198990221865
Mtfr1	2.90536598590661	2.92025237019618	2.53187981961598	2.68838338921111	2.04386168036223	2.08379572611691	4.91590553955174	7.25539457472016	2.77388849453145
Pold1	3.21322284672436	2.30662647422283	3.03301446181059	3.28310007674779	1.92647459079421	3.13116670816467	6.60865690696105	7.77604874154763	6.09465168957397
Cep70	2.04181747422234	1.82526587382885	2.13761463334389	2.37668374668686	1.57797750761448	1.73483921141329	1.68509625134361	5.12808772875307	1.75999597641081
Mgst3	1.63054926404947	1.4181426946959	1.72141024212491	1.76225675050064	1.77621969671399	1.263585440971	1.96600679180717	6.58249018270473	1.3208554215522
Arhgap4	3.03340519971294	2.33042696284621	2.71879169820523	3.74692080667095	2.76030602361217	4.56500312963695	3.18603551503413	1.09830846460346	1.75763535808841
Glb1	2.5137666007537	2.54103622285564	3.02943125286416	1.75654216662174	2.01996846717968	2.40766300557897	4.2467239919117	3.224802436874	4.80094990424261
Gstm1	7.72286129152444	7.80057691883979	7.25595497496909	7.95518456991109	8.37046533487122	9.75872765530108	8.25996846712606	2.03092273440746	6.66393774383473
Padi4	6.08039511510591	2.56721816234535	6.36731695523497	5.19368057706479	2.51275241275743	1.3998772353028	1.07821190522216	0.693152633951631	1.03074871339666
Dpp8	1.7378219591216	2.15267353177047	1.90492502979578	1.47958388796112	1.62076887671211	0.83689632128695	3.75415804948824	4.83466590937326	2.39472224435113
Rnase6	2.20939426250334	1.33639177114135	2.84859003768783	2.51411997332759	1.34459355655734	1.21394314695164	1.02589966844189	0.729401733090979	1.53566951632852
Odc1	4.86005318053754	5.41553865102054	5.49279282878446	4.91762838045732	4.96418070991442	2.99853084836272	6.33928027173237	8.52912433659256	6.33422970874326
Hpcal1	1.6633832819249	1.41173040005462	1.47598573538578	1.32948603376239	1.43144499883443	1.83197915652059	1.65948634412652	0.870376914173784	1.07919258685505
Ap5m1	1.34821335151198	1.2944856210238	1.50469742752894	0	1.67026281691775	2.07833197030557	1.17503548033649	1.88733087051003	1.334924460006
Ldah	1.87550064581192	2.15779262642156	2.10045916250364	2.2335065661538	2.07751051621837	2.2616309929552	3.93711275525695	5.91262212845264	3.56115790771547
Rpp40	1.44745988862483	1.12493315641623	1.03478878756064	1.99728283430277	1.15032628537941	1.21394314695164	1.17250302378156	4.97722606625902	1.44056833140465
Lonp2	3.69996349855257	3.2568428417983	3.26240893136314	3.22050771680146	6.15667734199581	3.34789538033461	3.98431278334986	6.20411246410073	4.24936240317628
Nampt	3.31406134309128	3.3323000616385	2.522738987632	3.5600801134729	2.54391290851793	2.20951399746025	6.05286227652729	6.38392434968831	4.24317548197331
Iars2	2.05622244320563	2.61701318180543	2.16706204443908	3.47338095064817	1.89110680880401	1.263585440971	5.53799139353039	7.38043106139193	2.92655699859484
Bub1b	1.34623678325229	1.47168060676751	1.3021174375979	1.73602540297039	1.1024061350698	1.83197915652059	2.32012245406377	5.94369215092687	1.67680914802234
Spns2	6.09783927283948	3.68775105617865	3.93371447870287	4.6947890977542	6.21143798066574	5.13946548474855	4.14536367845625	1.80764197230073	6.15310763536231
Fdft1	1.49850831698232	2.36536480358733	1.26969487935698	2.03930246879622	2.28380066660776	1.73483921141329	1.04559713955147	1.98382575637392	1.08837484239221
Orai3	3.01478073402456	3.59155740086914	2.83121676352029	3.82110611382718	3.10310717279415	5.16504050783211	6.08516873523101	5.60307189384556	4.55819464004788
Narfl	1.04598449848116	1.45981949889792	1.35369869303937	1.89370728923633	1.40841423648858	0.83689632128695	1.90577890670623	4.97256669155827	1.37882061098249
Flcn	2.66641688684019	2.36751747286861	2.53996752691705	3.21532579326312	2.26890911260505	3.97672621249788	3.36494267616338	4.35158064805804	2.47712505728548
Zmym2	2.63350328431576	3.4865918774498	3.81602560210573	2.81453479025115	2.76724336854487	4.57290238081125	3.52489393878239	5.09196881047279	3.38228594324123
Nudt9	2.31783111863505	2.26535983666296	2.55787277985936	2.68077585161073	2.99732396714949	2.72704241298363	4.58726553194373	7.93932698749913	3.62539527317625
Epsti1	5.97253173670129	3.47852027989586	6.65472911894181	3.08265477650572	2.86275263938065	5.27858114009119	1.8604071543888	0.870376914173784	1.83886740377793
Repin1	4.09538999712364	3.04421895919035	4.42283074035138	2.89509619242719	3.26135175216606	3.30228183094214	3.20407305644565	2.95638820891709	3.73689038386049
Dmtf1	2.5288185946761	2.39162970533885	2.38698556937579	2.6286246884774	1.94173622473495	4.43341582792795	2.0345235708535	3.11942914466831	2.19439190180534
Dcaf4	1.6182477272666	1.82842147017092	2.05973632128262	1.39093863865254	1.50612302727595	3.73048881764715	1.51994642193579	6.43572847487656	1.89575286277575
Kpna3	2.88651030231724	3.14735326773963	3.02455087026761	3.20096538238604	2.11293571703075	2.5554828591063	5.6771846694759	7.39123463973133	3.69082042893044
Pctp	1.49226477356465	1.86692669209532	1.10652000353077	1.76363976470412	1.90317134094237	2.03415343209756	2.58898920912246	1.3972135329764	1.46452314483543
Poglut1	1.89260658221661	1.9351195519303	1.81138498406064	1.73808151281527	1.79383936783215	2.03399533049364	2.33708628728763	3.94475903370123	2.11131901914814
Rad51ap1	1.36022098800386	1.6432785291576	1.41173483491526	0.980580047330806	1.03712251423797	0.83689632128695	2.23217652440583	6.91911896754974	1.91969401656469
Alas1	2.31278959964137	1.81224355291811	2.12112306195726	2.33361356418691	1.67377065457271	4.35151274740377	8.31163425239798	2.57797052464102	4.99353844461264
Chmp7	1.71622205118902	2.00283904364045	1.66348798706388	2.14679701323199	2.31283973249665	3.95958804430132	1.84069975309612	5.00509005314505	1.76310057436617
Relt	1.38084969943273	1.24235477174918	1.49276307604113	1.03717927320921	1.01501918953625	5.26451567588364	1.22462468915667	0.961555169975336	0.928451643254214
Wdr4	2.32699373292836	2.181922019031	2.47333568364091	3.27823361658636	2.16404004300438	3.28577887313137	3.87996499810064	7.40501933837523	2.19967624682958
Pgghg	1.46534103941609	1.67110511720674	1.65438722295983	0	1.3019714173278	1.49701718041011	1.0982964476432	1.87623733497654	1.3128977400636
Ier5	1.04165750445926	1.685034616804	1.11123762060138	2.76330353953275	1.18969356508693	2.40622451722587	0.722807599443873	0.989367149279535	0.879664731226723
Gmcl1	1.94772048084192	1.57072877653304	1.92271123058899	1.05827882434397	1.29543519303032	1.84526466194829	1.5825310728936	4.35150515839885	2.00505475782459
Acot9	1.49265186514367	1.83487029814843	1.29499894726153	1.39598832495291	1.83427552525322	3.56463581147513	4.70858606051119	2.08773409040614	1.88919607340005
Gimap1	7.35596468219481	7.8490532702792	7.06480186524147	8.07832772581962	7.79665694022404	5.3424524894298	1.30930455720718	1.09738577083946	2.05681697723134
Rabif	2.16854030694673	2.3461448292448	2.0633924512962	1.13513973445288	2.02017382369734	6.79134360516085	2.67826315771531	7.16382158759822	2.11425094113966
Prelid3b	3.88645498489466	3.15291313915212	4.26812915372876	2.64486980176368	2.85102201779821	1.3577923857486	6.56386545107395	8.39229335150544	6.61755863731284
Pmpca	3.35399687467614	3.1879686700133	3.56585319192235	4.50274113037815	2.43483901646746	1.98119202519827	4.92461544210309	7.71774744981363	5.02878776055606
Gimap5	2.10478128514066	4.81977701660753	1.67932880134053	4.77771537154064	6.37454378761412	6.9604300783032	0	0	0
Med22	1.38132439383556	1.63187760287332	1.38558352301466	1.16034665789492	1.58426213010262	2.8686565020434	2.14946215285987	3.45794043134574	1.57560147132218
Hlf	8.02920242760266	7.99446804044596	7.28832146168867	9.17797441574941	8.48124127347602	6.83418096953165	1.73503596920242	1.30893424595588	1.93168339703938
1600014C10Rik	1.60922835428616	1.2582695581452	2.0740997980751	1.25718904567421	1.56523774526787	0.52089606446165	3.12139534691668	1.04660486483289	1.87743833048545
Gmpr	1.50694003982838	0.899963178508162	1.63677587183057	1.68972167409621	2.45070541698356	2.52905098599794	2.43966565902531	0.774106901491032	1.92580142704119
Gnpda1	1.31972199382888	1.34423796046204	1.14024759655599	1.77817722889504	0.79386306741494	1.51309926603199	1.18555561286317	4.73002867152974	1.08727777757252
Plcb2	6.42697441764414	5.79434261934392	5.25734719421529	5.70234005802254	6.61686418605633	4.77410208809406	6.34378149250673	1.10472733779873	5.90827184481403
Dock2	6.68967191095719	6.89074221858609	6.50227945282275	5.04590828402096	6.50994241253656	6.87589457055904	6.2153832811233	2.61435820518382	6.38292903066618
Mut	1.63478729705992	1.94703298837668	1.9080698552198	2.15867193089268	1.63932195669287	1.17052170928299	1.69695279490776	6.60361014573566	1.93932695876696
Treml2	6.39877919305058	5.42349564437743	5.81937519689987	5.9143408690886	6.59298905504161	5.62770116860728	5.66170639996191	2.0706864458888	6.35168789885603
Akap8l	4.84690609276574	6.12703139569124	4.38230966421972	5.96027140223246	6.4564993694795	5.93370796659265	4.0564615968738	6.3253104992175	4.86522970059916
Pglyrp2	6.54734295612256	6.01330764635986	6.5913309832538	6.98363152414226	6.93428618818394	8.16097856394255	0.795778846795852	0.653418548421957	0.848084308800998
Cog7	1.34028784371869	1.10708875939626	1.16507770032988	1.59644031351237	1.59211635407551	0.618036009568955	1.58905052678996	3.1025532585544	1.48381898169521
Tnfrsf21	2.92862951136423	1.82526587382885	3.26398972164032	2.98669780233074	2.10433462632788	1.91101497642898	5.14255464960799	2.0226492786946	3.84798674028438
Ranbp3	3.43208814724574	2.44483582082943	2.97545345993151	3.16123815064004	2.54352747280234	5.30256208763677	5.7668418941756	7.23811723272796	6.18843672639401
Adamts10	3.50800669405523	2.49158634307981	5.89779150190181	2.64747183925415	2.65857977352322	1.73483921141329	1.74618775096463	0.971464900924935	3.11960609601522
Vps33b	1.6034292760037	1.82526587382885	1.62601396168742	2.00480448567616	1.67565930857421	0.52089606446165	1.87285898577293	5.07824618765224	1.80516098000356
Tacc3	1.86187914823556	1.94463403352079	2.14008165947448	2.25538371178089	1.54803622917898	1.45493233085591	5.51260970570095	7.21204523780053	2.9300731204479
Pik3c3	1.74561956735253	1.58121560926545	1.41969131652038	1.28688450412868	1.57477928308923	1.73483921141329	1.66793884416878	4.64438228603256	1.85163320300769
Tapt1	2.73947867651196	2.31801298235076	5.05219205079217	3.1853119669624	1.90408591066719	2.87638606216913	2.02273984006894	6.25154373525154	2.23610603908738
Tmem175	1.59327004815004	1.75012944856609	1.70910668277746	1.21068138808333	1.82657567399486	0.618036009568955	1.28485093466711	2.18972119614569	1.47737693710316
Bysl	1.6903832718015	1.82500452066717	1.54512803973121	1.97827187178597	1.60078204243169	3.18135259509351	3.97269452136396	7.47329495932015	2.0373740899679
BC026585	2.39803354993583	1.70936896089037	2.17230898536199	2.02818166230227	2.07174087831327	5.0008509778988	1.74522241803591	0.873389712293317	1.16545668684409
Ebi3	4.80643046995285	4.89149346061774	4.8396028114718	5.90312642600589	6.44115069721452	6.94242494830756	1.25437349854724	0	0.827896910519725
Fbxl5	2.8970639129203	3.07076947936567	2.93316974937429	2.52228982983332	3.82757596625536	3.88363443517849	2.22263790698701	4.09358964422568	2.04536084526858
Ldhb	6.89901538116862	7.19097673501769	7.01478603662737	7.82777140188236	7.85855007619184	8.39478793522884	2.07755145807432	0.940433777700389	1.28157680185055
Stx12	1.53281240515915	1.94463403352079	1.43702368448717	0.51175321615191	1.38858814561987	1.7158774921281	1.70038381029484	1.84114465195984	1.41003355979555
Xrcc5	1.46422663516844	1.63030107684029	1.50017867311505	1.92284396203071	1.35148163029685	1.7158774921281	0.814715074994853	6.25513744098421	0.980572382098845
Rmnd5b	3.54918243859106	3.0221019669637	6.36981225485659	3.38448839103531	2.97344294051994	2.07833197030557	3.29356380504443	6.47489855547522	2.62166078662403
Ubxn2b	1.742145034969	2.11137888139567	1.70737980420963	1.84493382048641	1.6425508070995	2.72704241298363	1.6625607284927	6.2228055916003	1.75726275634664
Pqlc1	1.73210046848408	3.19227060523432	1.75294977091251	2.15053451897433	3.22659596738458	2.03415343209756	1.71405725471095	6.74326070714259	1.66451118767391
Psd4	3.31353902044992	3.2568428417983	3.30536635228309	5.71561613577891	2.84735567611568	1.7158774921281	5.35195736528076	4.44627384041562	4.3029799110602
Tmub2	3.82514937185691	3.66384721960861	3.40535034108571	2.96004394389489	4.30209361144927	0.83689632128695	5.09258465355798	6.33079069562386	4.8869887078009
Gt(ROSA)26Sor	1.70883899308516	1.41793452065604	1.67867076095225	1.8431719779387	1.30831295398978	4.30116556749948	3.63412923442241	6.64090670384214	1.97518603771787
Mctp1	1.91123938212715	1.47168060676751	1.89399417373958	4.05749597592979	2.58799530272544	4.0078842615384	3.6882049270279	0.306707137466941	1.59940601970309
Inpp5k	3.78956843497941	3.17936510493758	4.62492057123765	5.94312532609763	3.17141100272988	3.15669424941824	2.51439970756832	4.22284837015462	4.49442012700141
Panx1	1.80259531202586	0.669908327284478	2.49379825259855	2.28701039413626	1.06502630047692	1.46029596073662	3.4414916592425	1.02612487520937	1.85108364732177
Man2b2	1.33197629079603	1.43190294461854	1.33923561818876	1.9365063561469	1.33578169840712	0	3.07914820548972	1.84443588615281	1.51752067446065
Pla2g4a	2.15378822699844	1.88219742705972	1.49328772904831	2.17629933796987	1.79583516458509	3.27619055202305	2.49651238680014	1.8772338840508	2.33811951130217
Cstf2	2.42645253247857	2.36620238400569	2.94335604542086	2.43085947187697	1.83758994441377	2.29470684119184	5.13157670613693	6.58965063659801	2.33096349477663
Otud6b	1.95699707985337	2.11904195685981	2.38333844059944	1.69330682726719	1.96795108123148	6.72693012415358	3.38767078161979	6.90532397586216	2.46788408948953
Mogs	3.06433182306889	2.11904195685981	3.3526497750503	3.09619280131105	1.7535890289456	1.73483921141329	6.93005793497401	7.89572644934765	6.14851211289619
Ypel3	7.08319141553427	7.33138181559781	7.18946286300075	7.45217230684214	7.29719245625823	7.87734077787944	6.09170573922731	3.15150598429145	6.62255867915516
Ipo9	2.44866253164891	2.60553282034344	2.54588131826509	3.81386624141164	2.71979345772789	1.21394314695164	5.52643215881764	6.27062304849063	4.7215106282151
Tor4a	2.0569963736458	1.87750050310554	1.84056472124529	2.53379656309991	2.9528637764844	8.55924439191659	1.64926932482593	1.43936539486843	1.75669322835083
Topors	2.34442057650144	2.65671266742551	2.26187147423903	2.50953092901741	1.96421662158154	1.17052170928299	4.75009886150057	5.55476648608181	2.70982437248433
Bid	3.42499255375732	2.87293223507055	2.97905457653868	3.24067996522656	2.89341797509617	3.71543070956597	6.19763771804867	7.41806239590192	5.40386055214494
Mfng	7.54156084432983	7.39703444389288	7.59559899519994	8.49575954513589	7.95630797193235	7.63074954819101	4.1485755066764	1.83375346970575	5.03852054675906
Ahcyl1	3.88115772228796	3.1578599984184	4.77257074424628	2.45500432537728	3.16603480017814	2.36616072640994	6.39866685952073	6.76126429880335	6.1147624713904
Vps16	2.95045572154571	3.04421895919035	4.02461946583983	3.76574396696686	2.01021505110927	0.52089606446165	4.34064747636985	6.72638076614605	5.45214263527788
Gtf2h1	2.26059679085906	2.50028913340505	2.26025669647411	3.10910514824907	2.03128269385982	3.3769819378774	5.51576841936015	7.26440566919188	2.011880017777
Ints13	1.77822624684052	1.4632082392295	1.9128676752319	1.61236079190677	1.99311383119666	2.3333095511779	2.36985134784896	6.49909856801473	2.09076802821481
Polr1b	2.24964102021312	1.94703298837668	2.29117200907723	2.14679701323199	1.70960479239171	6.44752867460747	5.07188966807361	7.18135801247579	2.7704251155295
Leprot	2.87208159907426	3.95400984883245	2.73606326204015	3.19275963458022	3.34233775656141	6.74528245829215	6.10116786934893	8.42189789328868	3.93192042816855
Cept1	2.46251022598662	3.04724014706829	2.43983182251084	2.55273217752555	3.32517614553772	2.09292431779279	4.55346067110244	6.31133915522391	3.87977910430212
Flot2	1.58724016725471	1.53722593225092	1.88656355956206	2.20630209978003	2.13062220518902	0.52089606446165	5.97417881147846	3.0211750761884	2.1745774477861
Dennd2d	2.93881952717134	3.24716738562024	2.23335915067275	3.08155683707382	5.31942889851222	5.35017789229078	1.54750397466784	1.1819614304782	1.57809607780684
Nsmaf	3.89540023125511	4.87824618615172	5.04104191873498	5.53398948642051	4.20890486525419	2.58544545771083	5.62518893140527	6.42997292337314	5.22338745198808
Sike1	1.69972714881296	2.14775818931962	1.68111595649129	2.00149040828419	1.74631023080447	1.73483921141329	1.88070215658944	1.659568930341	1.89337311303784
Phax	3.71199231660469	4.18738336645643	5.98838391085163	3.74991265791031	3.07606382105446	8.72693638152215	5.53139535416281	6.38426175960991	5.22242808651114
Spns3	2.10574258330093	1.22846814583548	2.3341998890177	1.32585444120307	1.08934847594612	1.69919145598707	6.895743119579	1.45315842843372	6.81775531437254
Arl6ip6	2.3065286510856	2.36620238400569	3.0490331330989	2.19710911027339	1.64456038613779	3.7570364441519	5.90417991365747	7.66225167433826	4.13587496830201
Slc19a1	2.08801426860182	2.34979868174492	2.20066654208026	2.47533908273262	2.04112179421985	2.51834507790633	3.78216791511298	7.40286317966049	2.07077187437404
Rnasel	3.59924924963385	2.81723467283494	4.29330175744508	5.32964300399775	3.11892806795819	4.97243134954028	4.30471225277876	2.213022917625	3.34108458644888
Stx2	1.43686123003746	1.63622250766318	1.52325305435728	2.28701039413626	1.33697189471632	2.5225761542274	1.69956957613716	7.698206293068	1.68790615525108
Elf4	2.59419451659226	1.63622250766318	2.57020149073648	2.97721059757541	1.46074015131894	2.52905098599794	3.16770663034318	1.27091420443349	3.80752211727272
Slc31a1	1.43650903354045	1.32341571786094	1.16010473453046	1.403705563	1.18942356519515	0	1.46452622045932	5.91455885312477	1.35727210887591
Mrpl20	6.6602684223019	6.33334442336337	6.07620571919645	5.31578871894034	5.93386146204824	3.21977532230257	7.3528227652307	8.78412949740657	7.11803842700227
2210016F16Rik	1.65986625872142	1.96561456202522	1.95198142959702	2.35041891960776	1.70414912164585	2.38446485623463	2.96189740061233	7.48647457283323	1.7331431097379
Cd52	5.76695583486778	2.09346205552019	7.0541096893777	3.86036031022878	1.5426134548705	2.20164310950384	6.47703312864424	1.09885937575848	6.11136606923159
Slc20a1	1.42533503731119	1.73801023059881	1.33346572603403	1.84539418279877	1.25832750612939	0.83689632128695	1.52754728085554	6.58778181705151	1.77497050030597
Cks2	4.97074831630528	3.52411844738728	4.80394189398381	4.19620318971307	3.60680800853394	2.46380526853217	7.65451495869083	8.60377543594139	6.93242050701615
9430015G10Rik	1.28662361737598	1.16811937270855	1.32090951790752	1.42112900156025	1.25955648032003	0	1.56359111848465	3.87267685340876	1.54021056091031
Sdsl	1.67748545876161	1.8605652794368	1.23976092417209	2.26823536389238	2.44173655521006	1.64359498338625	1.77941477439101	7.72441503874441	2.43933588836317
Afap1l1	4.86136325147836	2.70677887928213	3.89931525549372	3.90301844660113	4.69859769055172	7.3755257525304	1.68512426903271	0.939353659279027	2.25531654754223
Fgfr1op	2.36279947172944	2.0811255728358	2.13394678186653	1.8535162364724	1.70900388152687	2.07309440631796	3.89285346576801	6.33707997361024	3.12093684685214
Asb8	1.60547468985856	1.68808183436461	1.71282740628503	1.98717925293394	2.01500002701244	6.15140064356068	1.97396949329513	3.23830814183678	1.56809371136998
Taf12	2.6409290980134	2.66786711113167	3.14439192141259	3.24711233694814	2.46841674264434	1.65710660643287	6.0725590594899	7.97873671874663	5.77369540361886
Prpf4	2.04918238732544	2.41595682352731	2.1445179810882	2.47206826732718	2.24008360776231	0.83689632128695	4.18202485059352	6.67574721840243	4.22750704206001
Ppp1r15a	2.43069910805834	4.90288416941772	2.15299272558126	3.15954055354959	6.22229291025404	2.66860816685117	1.86935561632425	4.30967614306551	2.52568149100049
Pdzk1ip1	3.31572335334916	7.8807527040361	1.87541251615271	6.32671139856161	8.50238350540405	8.91132056340217	1.00505177206561	5.00429365076699	1.62037296307505
Anks3	1.12661048458855	1.58121560926545	1.37711634097604	1.9365063561469	1.41969766655476	0.52089606446165	2.05888309368274	1.10084114860617	1.11978660051621
Ubac1	1.87259680908828	1.77254319532394	1.89853992650014	2.17088536491442	1.73800648613142	0.83689632128695	2.16030172901007	7.48193441292048	2.33207781289852
Sh2d5	2.92664036603584	1.12918682602598	6.32961582036488	2.97953258157687	0.520536852229653	0.52089606446165	5.46902119969823	0.715412654661941	3.72632147051399
Igtp	1.90444136221873	2.20929714272054	1.89095208086164	1.74726340745875	2.44983320779684	4.70004756306689	1.26991862147293	1.31121315587952	1.0859798760639
Decr1	2.56795960269698	2.46919695557795	3.11462943653858	2.66302802344465	2.95098688027355	7.32514133830114	3.2389504862409	6.6613327043784	3.29980730982215
Tmem164	2.04924169103265	2.79850530550029	2.78094436293901	3.24067996522656	2.83147111851087	0.87898117084115	5.23570487168273	6.12140096491246	2.88521076467963
Hmgb3	5.7541115192979	5.71856535789834	4.88927252951535	4.28560040903091	4.85399655657624	2.28050624588254	6.17864906932463	8.45105347944756	6.65160250277646
Anxa6	6.84130830377289	4.87907309950478	7.08267361701956	6.64953781615418	5.45245521504313	8.90956292928612	6.31090544086838	2.46274735700257	5.4004236067092
Exoc2	2.5558633092432	2.58052211059109	3.01218479138001	3.10503451070783	1.8756875203943	3.3055606226849	3.53583699533522	4.30655707456091	3.26592821702517
Stard10	2.12521677218415	2.20929714272054	1.86003847216565	2.76576770019774	2.12004248308213	0	1.6741061963333	7.62775769787972	1.55400829523347
Pno1	2.6502464401474	2.13620684801187	3.08741382828734	2.9739414610304	2.26553253748309	1.83197915652059	6.68812193999758	8.01403989460007	6.03340904097365
Napsa	7.71360403444427	6.90861906699391	7.82697742606441	7.78017632222967	6.88187082888686	8.12089217042652	8.1389277004409	1.69762897397063	7.40749421497494
Snx4	4.02644017969529	2.39162970533885	4.09198662175576	5.52947128929355	2.8868309127233	2.08379572611691	5.62519529624458	5.57330161853366	5.04291381958121
Dusp1	4.15514301685748	7.32299363768357	4.22450578633375	6.11217133801735	8.36974777621444	3.95420100916507	2.77793564608682	1.95157271460729	3.10847598763208
Tmem43	2.68101809705596	2.36751747286861	2.88108590659999	2.61746065423143	1.76484814865118	2.34999558731894	5.49399271427246	2.68264450639344	3.83388847879126
Hist1h2bc	2.37735244949147	3.44222936960167	2.52610593621139	4.87081530809228	4.43776830844748	3.49001792791564	5.5056712241092	5.40195711269501	4.93807855101146
Wdr41	1.48767398785972	1.39673965834653	1.2499704372196	0.992844210074571	1.66251521752318	0	1.09399401331656	1.63688864510559	1.10847034644171
2810013P06Rik	2.0419933819416	2.58088402770009	2.26190908337137	2.37617764477154	1.7753940889658	3.34172977614665	2.29536924521201	2.08010090058743	1.87857219094016
Xpc	5.01474427995895	2.44481542954916	6.17388086696069	3.36227886866877	1.98459726225343	1.46029596073662	5.93078055006142	1.71908885554428	5.67765041399119
Pstpip1	5.37356554598455	2.25392847694555	6.83351610703355	3.59913411635742	2.0554582114659	3.34172977614665	6.79311819697423	0.922848718964769	5.14395250076455
Hist1h1c	2.47872495870971	3.15322401964706	2.29738823490839	2.8115725155382	3.61194532519801	2.91207793971205	4.29393573268105	5.04156234582296	4.81310935604768
Pgm2	1.82583630939632	1.41173040005462	1.30652942258687	1.42272201250734	1.7111800323889	1.45493233085591	1.90253405694294	0.650662275632269	1.32813141118846
Mrpl37	2.89479127367076	2.76677022331548	2.74363118181804	3.07743321552964	2.35019057694343	5.86534679961106	5.78741953607587	7.71160557762338	4.47474854768549
Ccdc50	4.02320596219869	2.17335176616568	3.67080813467793	4.0091299496139	3.12340335675783	7.0201321090486	5.70698580188781	4.10249958456836	4.63742295753963
Ndor1	1.66145683527331	1.77260826535749	1.72901589001093	1.73052345319846	1.14378123831044	1.7158774921281	1.32671880293579	4.37073308776361	1.74513531066635
Asah1	4.94530840513158	3.57282134569948	3.22338023186822	3.3310791987567	6.59893439323048	1.78962699601002	5.47990443974947	1.5815170262131	3.97937384535277
Elac2	1.49913154886474	1.40174974791195	1.65420695333188	1.88331429890053	1.38325361920265	2.08379572611691	1.88923473616611	6.44622341876362	1.46323928083415
Pqlc3	2.68439397427343	2.42861508575724	3.42245679289868	2.20630209978003	2.56195220749504	5.2255949469854	1.69251434382564	1.10084114860617	1.88795779724962
Dhrs3	2.19634875544154	1.68808183436461	6.30419611456638	1.70716769137898	0.677375424493733	1.78962699601002	1.40860837531854	0.840222098011499	1.89337311303784
Jak3	5.77774441879693	3.21613439190914	5.46354577843244	6.72956299187675	3.04320958545871	4.274980695114	2.04801505826967	1.16736013564671	2.28919890433889
Ubash3a	1.57714731047938	1.04876361137457	1.69741503483776	1.58628176677256	1.08930602672004	1.13893207403061	4.620009354878	6.48191274862162	3.02789275273264
Isg20	3.0935868844299	3.09416816220972	2.56374514762425	2.53379656309991	3.2403321305033	1.69919145598707	1.34465891084008	7.52008587774548	1.83578469741506
Pafah2	2.1807992902833	2.24536094337853	1.65418348833427	2.45827514078272	2.5869673844597	1.45493233085591	2.96583535660602	2.71915634433764	2.35514601447362
Jun	7.08817555799332	7.48425839269087	7.41872161096932	8.46304072458035	8.18727113509714	8.0833665521262	4.79517128274897	2.57895819891288	6.71500405964433
Usp10	3.48159871440235	3.711076654721	3.38904123150504	4.10425755788872	2.88536588377277	5.42561876953381	5.98997793092271	7.59771375480069	5.00365055767395
Rcn1	4.42980961842069	2.73805688239214	5.50269536832212	2.38041910897902	2.62179860115986	5.19041164771906	4.26001559555033	3.66070403581659	2.60987232812349
Mapk9	2.48966679868159	3.39497475224109	3.2017069034231	3.4279010122889	2.56835154770367	2.08379572611691	2.90746999229779	7.74355412952596	4.18711123790883
Stom	2.03798979310597	1.91597302665434	1.88468161404478	2.58180849193645	1.45647224427318	0.83689632128695	6.90745458900775	8.5411538727304	3.62798370709457
H2-DMb1	1.9884998408213	1.45981949889792	1.96498272846043	1.63765806294597	2.13754015169053	4.37329646099481	5.48799148985727	0.593935296421298	1.47654441788287
Pidd1	1.03572143247586	1.05840382615716	1.02586383088748	2.07686926619872	0.859141962094405	2.72388140170761	2.34663533430541	4.32032199065456	1.55255445723559
Nek9	2.54496857330496	2.10999286718292	2.40256075481713	2.56107072042829	2.18949349085198	2.91207793971205	4.92250427554333	4.9647853014785	4.04184309798912
Fos	4.50101266094931	4.71710617276209	5.37875485213116	7.17379280897394	4.78323300307653	4.56023695358489	3.25028599996066	2.50758534147091	4.45996541142186
2610035D17Rik	2.01510798513197	2.04734742972986	2.22976626987045	1.71389174155936	2.11293571703075	9.37145708259444	0.887660502680454	0.983824651763117	1.19465890863025
Snap23	4.68292130513064	6.08447844437564	2.47132483243757	5.04887285702272	7.30840514670992	8.94206490972139	5.61652326424359	7.36216841305026	4.85879785406673
Ier3	1.38148983201484	0.590116300441331	1.70996124166343	1.43014290294647	1.13443834334666	5.21142542919916	0.742674274577512	0	1.31113824524359
Tbc1d2b	1.48396400764565	1.41170848860352	1.44987354091925	1.51977947558204	1.46939905858747	1.7158774921281	4.63636145988412	5.23498436695536	2.7702559457257
Mis12	1.53462460370781	1.70870699118727	1.33044504633888	1.598458280449	1.34715496952398	1.69919145598707	1.52387586512424	3.18053053227573	1.57560147132218
Mtor	1.24470433311627	1.01496058277379	1.25034686169032	1.7853856249477	1.38724469603924	0.83689632128695	2.41090550899094	4.00066608975307	1.58727877247149
Haus2	1.45986209376291	1.47118567442892	1.26869271923079	1.80760515343454	1.43541573884934	1.83197915652059	2.27321680703492	4.48366292334592	1.46452314483543
Mtap	5.18272935407987	5.7005982675701	3.0805706360377	4.39881651668161	2.81123653525336	6.78489376346958	5.18934000855179	6.93931248177559	5.17812074428202
Rasal3	6.34368903417649	2.80253570038264	7.1953471408249	7.61561531848653	2.84775984487695	2.40622451722587	5.6351779408155	2.04501411740986	5.92372527100966
Xpnpep1	2.21510781769973	2.13090778068058	2.03114491405653	2.00219381626944	2.1595582401849	2.24506454717249	3.64439155763805	7.49040059060718	2.7859234825674
Zfp386	2.80235361820939	2.55686849021036	2.70973211870696	2.95165144991368	2.48729162203544	2.40805638242845	2.85231179580445	2.0775299149839	4.99810933959441
Tollip	1.55667617274365	1.73237007118547	1.71277211555924	1.85667984610056	1.81015600980568	0.83689632128695	2.36150423272919	2.90243123184317	1.55773999801778
Cers5	4.04600634982645	2.99033196329366	3.11128438425232	3.2125513298236	5.98065779825379	6.04827032013799	5.63726252868429	0.94482767753947	2.84368975927942
Enpp4	1.16888562978398	1.16811937270855	1.09591047417896	1.44886096843566	1.54062015575548	1.45493233085591	1.08462516837344	3.72398423567428	1.3183690364166
Slc39a11	2.64278602840402	1.82500452066717	2.64861504743677	2.3301667831864	2.18978800077173	6.02254430926791	2.72266803953555	1.66283778400869	1.67406080482831
Dnajc5	4.04358014225127	4.34403716678782	4.92541650582625	2.88094162377118	4.0693793399998	3.17224379893817	7.00293552846543	7.0133766549408	6.04900200891824
Pcyt2	4.78959246173948	4.37194027784414	5.67416576017312	5.42200705626569	5.20266568376109	2.32468546096925	5.54827309257139	6.89341090512085	5.57436775595808
Ftsj3	2.86281026277242	2.42071665945732	2.44994710613323	3.24711233694814	2.65303900079824	5.86093652829669	5.94521114631728	7.79554320410948	4.31713159037441
Tmem97	2.29797865587314	2.6678040031293	2.1881570332367	2.36863062448781	1.81706164933326	5.82330909570796	6.49787441836379	7.69918109126208	4.28010103803581
Cdc6	2.2315479878187	2.01388122533755	2.15390667597681	2.47533908273262	1.58498927062911	2.20596030783103	4.71475956697516	7.98502713696045	2.71951589596828
Cd79b	2.21288560653778	1.87870372837215	2.29825108305345	2.22571159848424	2.29349331925155	0.618036009568955	3.42604531930949	0.763452466721447	1.87969781007664
H2-Ob	5.46493555682371	1.66796587180522	7.74091135263145	2.52804733591339	1.51147579756002	0.52089606446165	1.45862735009105	1.19995155962766	2.76743328537329
Tcp11l2	1.69466463622408	2.2097794384399	1.55488381893388	1.8431719779387	2.33563311910695	7.62044221486134	1.24893788053156	0.908267376824802	1.4696609519752
Uckl1	2.62824188495834	3.44006328385141	2.6163456325325	2.58386719899742	2.05038375726753	1.7158774921281	4.70950681185658	5.80627469292796	2.97399890494408
Ncln	2.8493280849816	2.92195955720546	2.6499794098614	1.81907795050195	2.26297777982226	2.58544545771083	7.08774677648626	7.48160496563268	5.51499080000105
Procr	1.50301693638749	6.88510058294476	1.08054883254996	3.40755740219519	7.36502565322263	7.11658229538108	0	0	0
Klf10	1.91326372310379	1.5292460738103	1.32074307367443	1.52578648340481	2.08919420857077	2.33927713157777	2.29691248683932	3.1789420772503	1.65169474681863
Tars	3.20236292139201	2.60167152541204	3.08675350384437	2.29156802387108	2.67964047817307	2.07833197030557	4.97686174932031	7.23039988915129	5.05098780290619
Oxr1	4.50607340218086	4.52440202656781	5.65253602040359	4.94357711378728	4.48703117206566	2.72925619298125	6.51049945700854	4.29394959440733	5.89029676840188
H2-Ab1	2.19138494037262	2.94783499464083	2.05936496445398	2.8973147397473	1.89085635510431	1.13893207403061	2.01829002781137	1.76519324259234	2.01039138437258
Cpt1a	2.55070342961304	2.79850530550029	2.24741391406943	2.76284363385814	1.93738160249188	1.64359498338625	4.14213754959203	5.74718053973412	4.46928803255899
Pacs1	1.44746530425947	2.40038604192978	1.87251536202115	3.32969359241545	1.93999969010365	0	1.53517910131658	3.24443997503555	1.47820435301443
Fads1	2.18990143756314	3.17509895087455	1.87720107315266	1.96114416904569	4.24777519980403	7.03609678920925	1.58874510017915	6.41753065742676	1.9810086757389
Wdr6	2.24328703328129	2.61701318180543	2.79228811542986	2.8704111027088	2.69701412964548	2.66860816685117	2.81775946867807	5.1719256252466	2.35806879342362
Fut7	2.09895681157895	0.616255804805335	2.4449177057663	1.31804628940876	1.08303206877426	1.45493233085591	6.29153817901567	0.81280269195295	4.6696826795003
Fbxo18	1.35861993459392	1.45858848576747	1.52394866307965	1.63449445331781	1.62871388765405	1.65710660643287	1.79218500043241	1.85045065907992	1.27377171409512
Rexo4	2.24278790746005	2.37498978149678	2.79046213274071	2.15867410522766	1.93880458965837	3.34172977614665	3.78241808544507	6.57183851183163	3.01303746024179
Serpinf1	3.03903399840859	2.16867038277688	1.80250971410875	3.49062800801629	6.31456467800388	7.89676388590245	1.84406072882111	0.642320056582426	1.44826008929919
Atp6v1a	3.53867372018109	4.43667627017627	3.49956914094174	2.97004840055578	4.66974925222746	7.87559654014014	6.19515296559985	6.23526201495535	4.5894349197411
Cd9	5.28248278457945	5.61449493623552	1.877991521604	3.36152724555143	7.51970002749638	8.70215731505106	6.46739286288498	1.64923654389453	6.44464474422028
Anapc2	4.34202990156849	4.98303476542598	5.33080655671256	4.03868930184752	3.78998162644062	7.5111154715988	5.22856374246869	6.58565709095314	5.78066138570199
Vkorc1l1	1.48846189606849	1.45599986011329	1.22567457369317	1.96114416904569	1.42956908089513	1.3577923857486	3.78119098450501	6.95536030314265	1.94345961906046
Timm29	2.30854602979221	2.29026855490367	2.0881268791126	2.24996459074548	2.67771574778036	1.7158774921281	4.35313500317497	6.63435787769353	2.4636646650873
Pml	4.15561510388996	5.75647502270048	3.18561288306231	3.8529931146619	5.2771746565964	2.47752858792263	4.53493266710905	7.11499960093636	3.92324262812429
Knstrn	1.40298196939699	1.2541549478119	1.24999442923892	1.45662639048534	1.0685849393979	1.81214924504577	5.11221334623255	5.95865208252511	3.09727304436923
Cst7	1.89535998540154	1.24235477174918	2.38687761907004	1.69421543915374	1.17538592292342	2.15987170344089	8.91081560208774	1.62526769749089	7.45664250421412
Gpcpd1	2.54595165150341	2.64883924396139	2.44323294157713	2.23829784069386	2.06825010661372	0	2.60094367257572	1.99664648444059	3.37861824893172
Golt1b	3.25667837198795	2.42097409266876	3.25710251771748	2.31268224776282	2.6827487210803	8.61256391288986	5.18097760772526	7.39319939314795	6.01574264372319
Trmt6	2.91938448003729	2.29026855490367	2.74722928253568	3.1787103852981	2.06951871019819	2.63081767001961	5.37592403078015	6.92567464785338	5.16246654180123
Aar2	1.49785599093509	1.29363913130559	1.23566021700297	1.41759768255908	1.84046455088766	4.55980782222131	1.29630951354631	2.34254824388355	1.07405524096288
Ncaph	1.07769934190881	1.12493315641623	1.00734767493093	0	0.857143214851924	1.78282487777621	2.46857516633594	6.26982909687658	1.62581685435162
Fpgs	1.99789119546977	1.77086957009152	1.62495793762373	1.71676274326977	1.7492914424498	1.910102571062	2.22354830230307	7.66540173004636	2.15755745839409
Skap2	7.58190369875898	6.29165686739114	6.56069629598476	7.12595335720021	6.46032859998145	5.55010004150919	7.0828983321474	2.89179609905977	7.1148555232746
Fam136a	3.79612388802819	3.23006524288463	3.34719114711655	3.91377550349155	2.9552871909289	2.46380526853217	6.68411579778792	7.82978166659176	6.16086179740435
Map2k1	3.0871217214957	5.81431447225965	3.96824874962287	2.7319808093934	6.08363726001283	2.15987170344089	4.05892951438241	5.70741813659725	2.68653269269511
Cnn2	7.72021894747323	6.6877015201373	7.67361434855877	6.56382608195738	7.8275857702153	4.76221209280409	7.58373164063062	1.87715352867587	7.61700632778449
H2afx	5.43844718393057	5.33921125977245	5.67919830883929	4.35502768605392	3.24255011625962	4.93690550945549	7.30321839672396	7.50153212882342	6.83491997150661
Prim1	3.16528290962923	2.79850530550029	3.43793147527407	3.06825230098811	2.20662127310943	2.96081649976016	7.28931376123208	8.18755909469705	6.59449918719381
Mum1	3.15970876102232	3.63678964309772	2.80375730086228	2.32645040367948	3.37841612024696	4.89893577937165	4.34606803146438	6.6264783923244	3.3954219339919
Abhd4	6.59440041810896	5.07272495076617	7.22966043098753	3.22301408114108	5.97583920247874	5.47135501713537	5.44390200794972	3.7212928655576	5.73349256572844
Dcaf11	2.37785673888513	2.94262851209671	2.79171982114052	2.76284363385814	3.16510248666012	6.1380793642268	2.92470968831157	6.43885554414348	2.59962092681344
Ap1g2	1.78247293656853	1.70870699118727	1.79414275473341	1.23179334261514	1.52162547838862	8.34740120242006	2.30418049206198	6.14000242196068	2.06373825151217
Stx7	2.36464654924359	2.85476776458266	2.41855673929391	2.9778096919467	2.77257810907444	2.78107480049471	6.53641748249011	2.67754956049491	4.35190551354679
Trmt11	1.78324732013996	1.52743676925729	1.45168723512073	1.76363976470412	1.41498243686269	8.24049167462723	1.89413656220461	6.07995835852962	1.78536831460986
Cdk19	4.21855919473574	2.60583711117029	5.95645416365221	4.55802504390993	2.06951871019819	6.18196469602405	4.45816294388298	1.78667933573605	4.18444152946028
Fig4	1.59689742878461	1.62499868303697	1.51593461627066	1.07944174303344	1.28374152734285	0.83689632128695	1.64794381675129	1.59964136836283	1.24305690240703
Myct1	6.19042261024769	5.7133226759155	5.04110095564974	6.44934719647408	7.84454822491175	8.23217691025349	2.15930232636075	0.901371169000166	4.38348670819407
Zufsp	1.47624474933789	1.81224355291811	1.3214945529916	2.15867193089268	1.40474221938588	1.78962699601002	1.6272885508054	1.64167057215451	1.2361394380703
Tyrobp	2.7751814014499	1.57072877653304	5.12899206782077	3.01535734178018	1.34347417404331	2.27603348354919	8.85422070397981	1.34945653874652	6.94190976223843
Rnf125	1.06638575213689	1.7171157611171	0.896305399829056	1.8431719779387	1.86979924616866	4.28173354767325	2.08585514069094	3.59212199913833	1.43738028725274
