delta	alpha	gamma	ductal	acinar	beta	unclassified endocrine	co-expression	MHC class II	PSC	endothelial	epsilon	mast	unclassified
RAB3B	6.16979879632005	7.07547075295356	7.05955550223033	0	0.217102926638303	7.2510625418095	1.6170534739478	7.22072351467226	0	0	0.169402425754197	5.03759586330747	0	0
RHOC	3.02713306895833	2.74003537869314	0	7.8246215378917	7.10897009556421	0	0	0.169729923394248	5.94404617067739	7.46234549677326	8.01875592920923	5.16120504385525	0	7.6225944250902
SH3BGRL3	6.0248650371045	6.16429995442496	5.7871562430447	7.72288254413237	7.05104228952056	5.39826992221499	0	6.05155094230862	7.41905747865057	7.72918889612294	7.90456288333267	6.49850991450247	10.4291927900152	7.66893140650199
WLS	1.01158611685088	0	4.13736272806981	6.12370251905611	4.9320524507797	5.93430619322468	0	4.84900493614787	0	5.36745180202497	0	0	0	6.18879798014872
KIAA1324	6.99272042331785	8.24672976149408	7.75084513552862	0	5.32648011436396	7.54476759540787	3.2614328943895	7.89523882728975	0	0	0	8.78058365687854	0.97897595989246	0.950050998267159
ATP1A1	6.49294238333326	6.11168774127138	6.1738421506526	9.47003132343841	7.21559531568435	6.65062397154036	0	6.67421757051139	6.59660314970546	6.26404341140515	2.64064964409648	6.40379291733569	0.871806429208249	5.53072028947007
VTCN1	0	0	0	6.24152265620035	0	0	0	0	0	0	0	0	0	0
PAPPA2	0	4.49700392067067	0	0	0	0	0	1.1324967844019	0	0	0	0	0	0
CSRP1	5.70697394253509	5.3816877526627	6.21561926369273	6.5860442790614	6.09800282238329	5.32552015300566	0	5.52917782633997	4.22891297989265	5.68067699027497	0.4453852768625	5.8250883138903	0.917459484812929	7.3266033294857
ELF3	1.66841240644071	4.31756025848918	2.14223711928019	8.39665589983237	7.49925010124646	0	0	3.78373079079472	0	0	0	4.40509434964359	0	0
GNG4	0	5.74958830837366	5.56651830079833	0	0	6.18945376222533	0	5.77311435999091	0	0	0	4.7788225153908	0	0
PARK7	6.50078796528458	6.84350223168844	6.57633412539909	6.7871020418381	6.42802798295016	6.96371851771026	1.6170534739478	6.82216438719412	7.10101550136102	6.9787092492287	7.02657532907857	7.70747210292609	6.58676134640589	7.89481879051544
ENO1	7.30805790259797	6.97265461582889	6.74626408883571	9.04714603935832	8.22407688526497	8.74057447466569	2.42397737719072	8.23834252313711	9.02335404077236	8.87004341921543	7.11210492225753	6.35309798304054	9.31305772905695	7.32407461486779
DHRS3	0	0	0	6.98173205628887	6.66879519028392	0	0	0	7.21812318916234	6.29610901074489	8.73041090476257	5.26416299415546	5.31396082644561	6.36530134701602
ID3	0	0	0.969246572365456	1.53213921457032	5.13229011118132	0	0	4.99247771861136	0	5.93547610459827	8.12197571501851	0	0	5.74632904535194
RPL11	7.30517141147713	6.8596192415264	7.07337273864977	7.19923293315239	7.91481143953296	7.56888002050778	2.95521664432539	7.47602459537215	7.47978359258435	7.46461363365932	5.67697695384055	6.76679401958456	7.46041525512322	4.76163669568168
SERINC2	0	0	0	8.28702545511833	6.46325682801129	0	0	1.27970247041406	3.24046330988099	0	0	0.762218536446506	0	0
TINAGL1	0	0	0	7.24198390974809	0	0	0	0	0	0	5.91936103025646	0	0	0
MARCKSL1	0	0	3.36070544171859	6.40295514199067	5.41143380482159	0	0	0	2.48502906900018	4.74052062732943	5.46639995295368	4.73269824080854	0	0
TMEM54	0	4.30794545199879	0	5.76068647685668	4.59743020126731	3.00770676402243	0	4.27568584198227	0	3.01668566414974	0	0	0	0.384656577935218
ELOVL1	1.91915598007489	4.81252469677727	3.0396499226841	6.51202114991284	6.06361936419087	3.16218393901667	0	4.78246207662693	6.12880569397953	6.11235858645024	6.82388346097869	1.62267143420738	7.31007677195041	3.38962185011787
ATP6V0B	7.37737518133924	7.7318602307096	7.28768229099397	6.89302048707176	6.67856019150423	7.72648497812101	3.2797514547295	7.85666679111141	7.84915388920875	6.59753387124087	6.60380695572694	7.96293398719987	6.72211147506992	8.36600354406654
TSPAN1	0	0	0	3.05564191012903	1.87266779432839	5.90979848461026	0	5.69460514999432	0	0	0	0	0	0
PDZK1IP1	0	0	0	6.221658705115	5.81582904842026	0	0	0	0	0	0	0	0	0
TMEM59	8.05975251014904	8.04328444928609	8.03455479866269	7.96433925407284	7.03541570876557	8.70647154676139	4.67030445840352	8.33613138219686	6.93545085349179	7.00368214425335	8.19498364022706	7.78243167363697	2.76758478580484	8.74396781835097
DHCR24	4.4752414882943	0	0	6.38067942370402	4.94658908998886	0	0	3.93236189133856	4.56999754028917	4.37311496025732	0	0	0	0
TACSTD2	0	0	0	9.1380371567133	8.53664028858118	0	0	0	0	0	0	0	0	0.217669779702545
JUN	0	0.0516214866989546	1.88289358856498	5.35919275890711	5.85906601631309	0	0	2.74664728604003	4.46776463044952	0	0	4.17461445380469	0	4.24999226340356
RPL5	7.13029525072351	6.7683084826003	6.99143610157668	7.15515335165323	7.66466822363538	7.70243270770534	6.41705232343367	7.40457201297774	7.12168062373917	7.63952132382356	6.33393467701122	6.96725853115446	7.70459572255602	5.24084069387154
CSDE1	6.77600258653715	6.42444448032646	6.52932383246589	7.1999222895136	6.53800869314101	7.54281989786644	2.99221780950136	7.22899984796943	7.32337048597491	7.16666587548396	6.07231273204288	5.93790863290681	7.33068535466669	7.0795152094968
PHGDH	0	0	0	4.82814260091945	4.77985734291316	0	0	0.927387139244595	0	6.75356481099548	0	0	0	0
TXNIP	0	3.64787795568007	5.52470393006544	6.58035211787084	5.15146899248353	0	0	2.39473117360031	4.40825042140571	0.680475785972416	0	5.91453733688306	8.30349877792964	0.217669779702545
S100A10	3.71475710142997	4.99580973003025	5.94334620379529	8.25031285373662	5.24747435871758	0	0	3.76824771812684	5.96853579749563	4.17529295283802	1.72600131986246	5.86902340241667	0	7.97096133322983
S100A6	7.01832632998342	5.72815910392248	6.65016930190005	9.17148327433025	6.82713171241487	5.42723738266959	0	6.38689078291206	6.91354324154207	6.27114522048862	5.28747219282814	8.45201338712424	8.83725815377086	9.49786808450182
S100A16	0	0	0	6.25496868387818	4.47397745616414	0	0	0	0	5.84796926792753	7.43859768713252	0	0	7.56708898374046
JTB	6.40663048147729	6.36097939790314	6.23820865148126	6.31043413343318	6.26455629058848	6.14729714304028	0	6.3875277413838	6.6693266021588	6.5238048648545	4.90536926409558	5.88812279610442	6.3590440107721	5.94451957102301
C1orf43	6.40945664917307	6.28039235387162	5.99336620030937	6.48170081129711	6.11243980673862	7.08176496242398	0	6.80823722416199	6.30164248693591	6.57044028097251	6.88492822499233	7.02154337673432	3.99610122668342	6.77333350746613
MUC1	0	0	0	5.427512083124	7.81497766067271	0	0	0	0	0	0	0	0	0
EFNA1	0	0.384954295872536	0	5.90161590516011	4.90217869653895	0	0	1.31844040595474	0	0	8.68444511081439	0	0	0
SSR2	5.96355844021235	6.67828503757305	5.74730179809019	6.92886510324346	6.8654076076624	6.27795033602468	0	6.3125327968752	5.9997344164409	7.42762936836087	7.15292904090716	5.90519978556625	5.71990293802267	5.74864060870271
TAGLN2	6.2663958940741	6.43293013298494	5.51428449150209	8.66051335242572	8.29199193021458	5.9801078135106	0	6.26147710572037	7.56633346660484	7.60101228007244	6.99791225720544	6.40749836392433	7.16188020310059	6.66929554490117
RGS4	0	6.82078620537516	5.87591635334043	0	0	0	0	5.23055020580979	0.514512363888487	0.826822900531379	0	0.750195609383827	0	0.42988980658814
TMEM9	5.3953344143449	6.63849887003914	5.67094120834061	6.2920384369635	5.70243909413565	5.73026403603723	0	6.25919634350919	3.98882352405768	5.25673253049174	1.77693660147865	4.0257519439858	0	3.26631087119968
LAD1	0	0	0	6.87986384716415	5.11272986563301	0	0	0	0	0	0	0	0	0
BTG2	1.54885341240336	4.21992811829662	4.83609566773432	4.20622330471724	5.88615391510668	0	0	4.14709308076257	4.40102059304688	0	0	0	6.74767696049226	0
PIGR	0	0	0	7.24526584618123	4.98941445986687	0	0	0	0	0	0	0	0	0
CD46	6.78993858686899	7.48403344978909	6.58324593207585	7.14940495894632	5.80431614415107	7.40434684762966	0	7.32740286580861	6.08422906218108	6.15909273954709	7.30171141770176	7.21902282762199	2.54975027116788	4.40135566938382
LAMB3	0	0	0	5.95127560306013	2.30934468480378	0	0	0	0	0	0	0	0	0
NENF	5.65978171077463	6.44643196922192	5.99268918410687	5.16284778042928	4.5599963142089	6.05394370640415	0	6.48375109953525	4.55679330865686	5.05891161871415	0	2.34826790312685	0.917459484812929	0
ARF1	7.55503707214831	7.75764698335662	7.74853769198376	7.98029067474102	7.57304319648672	7.86301018081638	2.77285741657007	7.89287021501834	7.90101435845785	8.22485677998383	8.12327411108765	7.00860069345908	7.84046619122537	7.26952485823258
GUK1	6.54310353304837	6.98083777354507	6.68589993193001	6.62900021164957	6.7298533178604	6.91866282366982	3.0943616155036	7.21435362281525	5.83544831142514	6.70013352339893	6.56892154522099	7.17606431463225	7.29140592113933	4.03230882786296
AGT	0	3.52596186832088	0	6.13048163163862	2.93644543565156	0	0	3.88210157758492	0	2.29843601112542	0	1.16916701888942	0	3.52427853114136
ERO1LB	7.28676481386823	7.18591542327158	7.21311783779566	0.246377964713	4.78012420485492	8.73951354060415	3.31646260234792	8.35419837763988	1.19253105907491	0.598003580521086	0.315261615525287	0	0.871806429208249	5.41784013880629
TMBIM1	5.16489527147046	5.53060372639737	5.20868326226956	8.13805003977967	7.84574846993537	4.95698636266827	0	5.50031000271635	5.85849971706105	6.45262012083363	3.83048583960382	5.58674794136302	7.1736012893263	3.5375900417326
ITM2C	7.02415109770323	6.88839266291644	7.6574046449414	6.66605708365491	5.03046890158831	6.33066331631074	0	6.88042842022778	4.79030529312805	6.04690650224651	0	8.29383464677851	7.86837968281941	5.67647645343338
HDLBP	6.44047855847379	6.84117384000004	6.63368342630368	6.70602821693776	7.15518710410569	6.94909918283994	2.36035248450364	6.81123460380341	6.34490430632483	7.78059106472741	5.80133862960553	6.09668735876751	0.871806429208249	7.45996618411518
ANXA4	0.742020397551401	4.11781436337657	1.90075244476518	9.86647132565144	7.52141519796077	0	1.48152501786876	3.38745118779735	4.93444175507253	4.2885901848618	2.57739895297686	1.62267143420738	2.4446489180307	0.217669779702545
TMEM37	4.03118616711738	0	0	5.6886085268832	2.32356591213825	6.34785648522194	0	5.64096015762557	0	0	0	0	0	0
FAP	0	6.24887525963434	0	0	0	0	0	4.58031731934731	0	7.77887897678253	0	0	0	0
RAMP1	0	0	0	4.8294840227425	6.81000105735845	0	0	0	0	2.03822471656403	0	0	0	0
KIF1A	5.78110276770594	6.06201600389668	6.05605996604375	0	5.00241899961157	6.15659929600876	0	6.28556804171381	0	0	0	5.25279387298061	0	0
ID2	4.50967535225523	1.55545784969322	7.42393468528658	6.37460921692701	4.20854717972053	2.41077541952869	0	4.08711612064838	5.91900895870592	0	7.44385853007441	4.14041698146306	3.47098721818722	1.27895822210151
YWHAQ	6.41862985242861	6.50159928565341	6.46745112529196	7.20903632110059	6.29109377043786	7.71840937985976	2.36035248450364	7.09092922594282	5.86840287398788	7.05509603677587	7.24426270692928	7.85433512505241	5.86215242605196	7.74071512197984
QPCT	7.56483827025158	7.89494499053479	8.0192534910223	3.77252787449477	0	7.59361706839729	3.37074859354529	7.68284617707762	0	0	0.80429283961946	6.65554460332642	4.95017159460121	5.33172596178218
SLC3A1	0	0	0	6.82534892808964	0	0	0	0	0	0	0	0	0	0
CALM2	8.57910676992928	8.37385980665249	8.76844607985905	8.76927290758269	7.40931656957639	9.00124911893974	3.60979939651445	8.36878501117771	7.81392870312082	7.89144648127348	8.29232375558871	9.24086204482143	8.11744606529264	8.75398655772657
EPCAM	7.62010825787554	7.70022170142629	7.61080944969052	8.41237627130722	7.30010280011267	8.01872596867738	4.67030445840352	7.80245837878201	0.514512363888487	0	0	8.52594846824217	0	0.647559586290685
RTN4	7.80259150275849	6.84301373675549	7.46623952793361	7.22897522406501	5.84808762536637	7.54318596826723	2.68045986293578	7.66914874974694	6.53219598690978	7.28939644984687	6.72277930825928	7.98444511503816	2.28814097978984	2.56916078020776
PCBP1	6.48314676686435	6.62788572745439	6.35958214589701	7.73707383701465	7.66695785477144	7.08296478709711	0	6.95740536205435	7.7063248749679	7.62707191255755	6.33426123818119	7.33631873962447	4.95898372316849	1.95772041421741
REG1A	0	0.177878808495219	0.791125685172571	5.67989050119694	14.6943032101192	0.714859710453542	5.16162377402982	0	0.940874298674643	0.941104464862936	0	0.828136857108187	2.18749704622567	0
REG3A	0	0	0	1.42093235113049	12.4082419041775	0	2.52854189139459	0	0	0.466277873966297	0	0.762218536446506	0	0
REG1B	0	0	0	0	12.4456600766519	0	0	0	0	0	0	0	0	0
G6PC2	0	6.32286054652292	5.49697213183263	0	0	9.47949520320927	2.24370726055745	9.0175296653083	0	0	0	0	0.871806429208249	0.520161191679019
ATP5G3	6.47619073759409	6.78662303927265	6.27519267827716	7.65510204194497	6.62281550524437	7.07523213616981	0	7.03987295638288	7.17719690538705	7.28084990092815	4.84657754805307	6.83311835768437	7.2616937971555	7.1045693451624
NEUROD1	7.12817804314468	6.97421673441061	7.30675542456125	0	0	7.4507958729741	0	7.26462810982544	0	0	0	7.04445072514684	0	0.634192118358589
IGFBP2	0	5.58414278173476	0	0	7.58581129527532	0	0	3.46409675654538	0	0	0	4.02805017331962	0	0
FEV	0	4.88585881819459	4.65736300099104	0	0	0	0	3.46236379948222	0	0	0	0	0	0
CRYBA2	2.98708775743507	8.61532318212616	5.2362557436518	0	0	4.20273490323618	2.72097845960279	7.10116381895705	0	0	0	0	0.565989864314855	0.384656577935218
PTPRN	8.95546528483684	8.83535416804128	8.6910469817115	0	0.19901427442516	9.13091362600681	4.69881890583365	9.27794172619052	0	0.466277873966297	0	8.02978533217746	0.565989864314855	0.814546384523358
SCG2	6.48791583116126	9.28100393606059	10.1817583546588	0	0	8.15589557632324	2.84285366633375	8.80037648923687	0	7.35545909133454	1.25734194458715	7.48387580528249	1.96834792052984	4.17594258154302
SERPINE2	0	5.86027795371169	2.05810013052687	0	0	0	0	4.10686969737658	0	6.82059632061592	0	5.20740315494231	0	6.64913596114051
KCNMB2	3.6802323296882	5.11804646823018	5.99733262320378	0	0	3.93438619445569	0	4.91831792875583	0	0	0	0	0	0
RHOA	6.77090286765877	7.41488305116892	7.43557901976692	7.78680648092969	7.15388869419197	7.17424448371542	2.50388153096589	7.31383854599152	8.37979505321334	7.93592130061512	8.0488842461843	7.29423977888784	7.39120288871073	8.77948074610978
CD200	4.72385875390902	4.73223495789584	5.40399439476945	0	0	5.62951356083298	0	5.38509960917794	0	0	4.79663418381604	0	0	0.217669779702545
MUC13	0	5.49144257233891	0.359687602395035	4.97937488337439	1.012728913019	0	0	1.93022884675646	0	0	0	4.36850358215637	0	0
PFN2	7.11352377719083	6.99432233804114	5.37192707659861	4.90014998879126	3.67535485834808	8.05025432115437	2.42397737719072	7.58763471034084	0	5.3082656878591	0	6.68499986534998	0.565989864314855	3.17266470862495
TNFSF10	1.47431490451736	3.7784546874936	0	6.80363646674915	4.39806380808109	0	0	2.58092406143942	0	0	0	0	5.88908287520755	0
LAMB2	0	0	0	5.36033525344867	4.79970832813657	0	0	0	0	5.49636046919178	0	0	0	5.89395172454802
TKT	5.16216115298874	5.07508399969578	4.24717768122953	6.48088729512885	7.0524658109632	6.0637283473169	0	5.61092601537125	7.09923528838734	7.1540573714249	0.555877441158076	0	1.55686180754533	0
FSTL1	0	0	0	5.17056707469675	0	0	0	0	0	8.02802597341878	6.87626054441933	0	0	2.80906673207226
CASR	6.21774023614402	0	0	0	0	6.2863993787649	0	5.39305619091923	0	0	0	0	0	0
SEC61A1	5.61824946742904	5.57866238370468	5.63672983700869	6.20339753363949	6.71950956044724	6.5058262302906	0	6.26147710572037	4.74154006767413	7.52757105321142	0.779929173665764	5.99426111000103	0	7.03662273398858
RPN1	6.17575468971951	6.05551000069241	6.02935739747942	7.41835810847725	7.33747505390683	6.79542059759125	0	6.63925158954141	6.81584353245468	7.70978401947851	7.12781263038255	6.41814993497727	1.47382462449728	5.96996975262774
CNBP	6.92723443060179	6.79948559600369	7.24571020598518	7.12835045632077	7.09263186086626	7.94349666958808	2.7839119646187	7.572017976998	7.16543106980481	7.58678556863444	7.8604324451813	7.49277725026675	8.73606924113711	8.06849848843446
RBP1	6.41924164026717	4.96839572606933	6.54390187503369	7.92606656096902	5.92388804932511	5.91398694892501	0	5.8821281888038	1.45952591065589	6.44270230670548	4.98886198800532	7.78768449754762	0	0.42988980658814
CPB1	0	0	0	0	8.64395651429965	0	0	0	0	0	0	0	0	0
TM4SF1	0	0	0	8.01247418634013	7.67434499125956	0	0	0	0	0	7.29530831604553	0	0	0
TM4SF4	6.49097684428109	10.3976638539643	9.83761201221337	5.18682532714281	1.05403371850433	1.54493823506058	3.75735396225988	8.03845620674987	0	0.949794303729109	1.95304959408469	10.8107593714763	2.66062708780273	1.24912934031542
VWA5B2	3.75012434452122	4.79407516496683	5.37596349941372	0	0	0	0	4.10671758548184	0	0	0	4.70687677806644	0	0.217669779702545
CLDN1	0	0	0	7.64794739352021	5.90904972796733	0	0	0	0	0	0	0	0	0
MUC20	0	0	0	6.62488900913686	2.98200280490418	0	0	0	0	0	0	0	0	0
WFS1	5.98106802817721	6.96062499290293	6.60958331813468	2.27379396292598	3.109361979073	7.06704913404265	1.6170534739478	6.80764569713929	0	3.39583836525486	0.664753491679226	6.26656780073886	0	1.4024288684565
SLC4A4	1.35232594266092	0	2.00656617707767	7.57661387275165	3.35374814205043	0	0	0	0	0	0	0	0	0
SEL1L3	0	0	0	6.2947070339058	5.61854363939397	0	0	0	0	0	0	0	0	1.59669748129965
IGFBP7	1.90423732025469	6.73938749477138	6.06042337228785	8.76301629823947	0	3.98948272845546	0	5.62507984622392	0.906959743691396	10.0514343031684	8.69745420752512	0	0	3.76424375982063
GC	0	8.87038368495106	6.77745328115667	3.18109609036404	1.06870029608145	0	2.68045986293578	6.91984197340323	0	0	1.06988196382724	9.25121877294333	0.871806429208249	1.27675846260103
PARM1	4.0526452189823	6.85109427977851	7.02682499116225	0	6.34098934778645	6.39177193505556	2.68045986293578	6.87205135520194	0	1.06538428307236	0	6.21266226874805	0	4.23499036136393
CCNI	6.1316334642913	6.30735611031843	6.49552237781198	7.00530823611856	6.08149962691001	7.19192288368183	0	7.01988935895346	6.73828812980314	7.51000912182638	5.00813997359708	5.93790863290681	0.871806429208249	2.61694062765526
SCD5	5.20896712581673	0	0.607753307817279	5.61188675065944	2.65875570687897	6.502543739215	0	5.83485803481025	0	0	0	0	0	0
ADH1C	0	0	0	3.74805869683343	5.95118022228671	0	0	0	0	0	0	0	0	0
NPNT	0	4.89058415887651	4.88030947517463	5.32534419878503	0	0	0	1.2708330256168	0	0	0	0	0	0
HADH	8.05659454549737	0	0	4.98633452559794	4.59018822908154	8.71032730084926	0	8.10369456410758	0	3.48518424125603	0	4.54071537392113	0	2.6690277463152
CPE	9.23194433308439	9.52493304441285	9.61118384119716	4.43903309074197	0.913195334789523	9.29475852065642	5.4030616227348	9.58014100593552	0	1.82025539828815	1.51508168038053	9.48998931501437	1.12111005493759	0.950050998267159
MRFAP1	6.91857827789441	6.85764835861522	6.82536434060988	7.18294062306877	6.40515311708744	7.20391878581211	0	7.02132570979632	5.5692591963901	7.18299918262117	7.25229208361427	7.90963178901471	0	6.51232530499473
QDPR	7.52867160161526	7.3905601834689	7.18904325550963	4.77277062123559	4.45484737810139	5.98753669068986	0.451243022881187	6.7703396658691	3.00012964993679	3.48991172899969	0.87858672841403	7.96298167899509	0.871806429208249	6.19722308150919
UCHL1	7.47586149688708	4.96140101122827	7.0795569669449	0	0	8.14337351682558	0	7.6107611867282	0	5.56702676201334	0	7.19536049651246	0.97897595989246	1.04526486166286
ANXA3	0	0	0	6.68150969122929	2.19068239625313	0	0	0	0	0	0	0	0	0
SPP1	0.360940873965295	0	0	11.1158525611956	1.01306953135011	0.778790646530121	2.77285741657007	1.27970247041406	1.45952591065589	1.43900872047018	2.053084251056	0	1.80316848758869	11.7884380047923
CFI	0	0	0	5.88638682992211	5.23045075692375	0	0	1.62832988741369	0	0	0.632057338120511	0	0	0.217669779702545
PDLIM3	0	0	0	6.73892772171905	1.2440674177398	0	0	0	0	4.4514229557755	0	0	0	0
DAP	6.29869163469081	6.44488889321487	6.16838080592113	6.43488723993884	6.68708313736788	6.28642927248013	0	6.39269537788665	5.20471529667471	6.43823009208273	0.392697315770679	5.66853334254425	3.7538692768394	3.3037447827501
MAP1B	8.12816793226624	6.48739468402045	7.87245338574839	0.275697926393546	0	7.96130681597003	2.0868437274398	7.80483262718309	0	7.17547400840829	5.56286444956832	7.49659802254571	0	10.4370524270121
PAM	6.61192945769393	7.77753866466696	8.98179625595233	1.87410593977942	5.21921331435339	8.28276973900855	3.31646260234792	8.14043848086362	1.50557721411344	6.1662399070645	3.03132655173269	8.123407771717	1.47382462449728	6.88227536292966
CYSTM1	7.4032109563775	8.14501891010537	7.07086475365642	7.5993305242503	7.09247743419826	6.96873191794979	3.08261054808401	7.57253833691364	4.71123540570426	6.8601107588973	5.8104730971913	7.50996438557866	0	7.66547884728548
CPLX2	3.85480319072066	5.54690386633017	4.28720523259434	0	0	4.98599140480279	0	5.27372073163603	0	0	0	1.606945601103	0	0
IRX2	0	5.02789946252836	0	0	0	0	0	2.38929852284339	0	0	0	0	0	0
ISL1	7.28815186418638	6.23290003420537	6.76841701239684	0	0	5.73329113549917	0	6.32455496903889	0	0	0	5.97307164871425	1.12111005493759	0.217669779702545
PLK2	4.24738049213223	6.63695474757667	7.1900133843444	3.91504506284987	2.58174273957408	3.60121003995528	0	6.71871078128521	0	0.240235399150725	6.97424608163527	0	0	3.50057868437073
FAM159B	3.32403219645038	1.95984429356919	5.23339110199382	0	0	6.61201576468107	0	6.87630121417643	0	0	0	0.762218536446506	0	0
PCSK1	7.04207818956201	0	5.74086741393791	0	0	7.69233442410187	0	7.01364065566533	0	0	0	7.43910640539539	0	0
PPIC	0	0	0	6.38920043134668	5.31550505134607	0	0	0	0.653170269244622	6.02062524136617	6.0174400115561	0	0	0
HINT1	7.037762776267	7.06663609393689	6.73582809628437	7.18724109404157	6.64135419545595	7.34172385912891	3.31646260234792	7.37250943348419	6.66725825454305	6.46761116993411	6.81191066250947	7.31831601194935	0	7.02874761692438
UQCRQ	6.80531891271555	7.23283862252847	6.87074871206607	7.20624638885901	7.48533099158512	7.07542774881644	2.42805336840243	7.34169441688432	6.82275987923558	6.76806965957225	6.59876808952264	7.45675336411369	6.24359423387217	7.855020767287
EGR1	5.07839632536259	3.42990674432543	5.81163132808842	6.71430763198661	6.82299328972424	4.17090195722153	0	5.16088641305	4.45957305435426	6.84397993404229	0	7.36952782095075	6.55799694400339	0.42988980658814
SPINK1	0	0.786544393626391	0	3.27931382320654	11.6793267406042	0	2.84285366633375	0.80203559564512	0	0	0	11.2413264026776	0	0.697400319631334
CD74	1.08854725492649	2.70960039387033	0	8.12403875063722	6.06361936419087	0	0	2.74664728604003	12.2179822269127	0	0.844214117545127	6.07771968646573	5.22610093559411	4.51344472658705
RPS14	7.42332396239015	7.16319876560056	7.45208422219521	7.36909678666046	8.33292063103028	7.70170429434202	4.60516299771681	7.59136088898645	7.61135013931644	7.8831800276158	7.49553418849412	8.01433201126233	8.92114386561546	7.85126876198083
GPX3	8.27193715983889	9.67291511463172	5.84978236263022	1.39988073961413	3.55840201416361	6.62953661746558	4.80848453470146	8.66547896409053	2.42638535967253	4.52762353754132	1.27182271866687	6.7007494619298	0.971446652885509	3.13415616018089
ANXA6	5.51135049769528	5.24404395761173	5.05045529698915	0	3.02167748374865	5.42726883888355	0	5.35719259753588	6.56694462258659	6.06416948454038	0	0	0	0
DUSP1	4.04772700853308	3.64622443898746	2.53587738381996	6.97218384361532	5.74777921928508	3.39166198824176	0	5.04108328610304	5.43648827606722	4.06687326877852	6.57673965740459	0	0	4.46133613503116
ATP6V0E1	6.97731693869958	6.76831838829791	6.94885458831934	7.43281832318125	6.66435741816533	7.26970849297554	0	7.21017464405894	7.70077891806165	7.61166871984936	8.46400309091328	6.49650228847995	7.90204178935837	8.223273908065
TMED9	4.33972065389773	5.26514771346776	4.15579193564787	6.96294681561044	6.82523471560149	5.43726213813395	0	6.09792566453201	7.538056526785	7.32910762845951	5.81083926442767	5.63951113121908	0	0.819239533727281
SQSTM1	8.05923816940786	7.19705549995397	7.9725101645216	8.82165666417062	8.8525502006916	8.20149459567281	3.82222065202983	7.91846407884764	8.32942546689788	8.98767782479258	8.36020275826854	8.22687363642887	8.96041243591319	7.8611194689755
GNB2L1	7.61701871621267	7.27855096904412	7.46485626777855	7.80948982740879	8.40517611901226	8.01175757252943	2.72097845960279	7.69048268214485	7.91268747095518	8.62983324745366	8.34399720086006	6.67149210446701	7.76734946492878	8.84031947080928
PERP	6.05901425619428	5.66812908699969	5.81310219640452	8.02292915540411	5.80348811835628	6.91619831497506	0	6.45691734420019	0	4.52681069385587	0	6.10979076583257	0	0.217669779702545
SCGN	8.72079632419319	8.28969273427223	8.13440092639897	0	0	9.44129914221374	4.15215053319805	9.07197710348968	0	0	0.71728671534776	7.98078577224622	0.917459484812929	0.520161191679019
KIAA1244	6.95054953210014	7.25951817968542	6.6671775130786	3.48503564168736	4.11796922547309	5.32538471199751	2.42397737719072	6.39465718921444	0	0	0	6.75186474999067	0	0
DSP	7.26570872792758	7.09326237051967	7.67446796862943	7.24149539803057	6.81925351598479	7.61980069106263	1.11069314706506	7.29469785001907	0	0	0	8.27033363705477	1.28759563234303	0.950050998267159
SOX4	1.34421248146473	0	3.82151984612409	8.10236212660012	6.97151439564937	3.20259920683423	0	3.22072042634832	0.940874298674643	7.37119295682772	8.91320234887857	4.04507785406189	2.24464503680908	7.46194882757131
UBD	0	0	0	4.48046974765007	6.58125972047889	0	0	0	0	0	0	0.699915003407945	0	0
HLA-A	7.78409194980076	8.7665411489717	7.92874484146828	8.52405966521786	7.41797855085059	7.45289864326401	4.56207323523224	8.10545146322887	7.6009176426189	7.11367771296999	5.3583991004915	9.35800380069991	7.24646993796779	6.92123899501926
HLA-E	5.61139483594059	7.28154797973494	4.58169281354253	7.19061717461092	6.71097033818395	4.29310968195243	2.24370726055745	6.01853074986295	8.11799754096257	6.58435987653911	9.38016890499798	6.36533085992463	8.59530793882438	6.95533719629964
TUBB	5.54406380496184	6.27800776385128	4.81844604899304	7.63063537978672	6.38721616019991	6.76519510503318	0	6.40827604643176	8.54786404158079	7.75185214210169	7.09076160520331	5.21711573092371	2.66062708780273	3.79213609268423
IER3	0	0	0	6.56748243682054	3.63004934063449	3.45573343430174	0	3.38745118779735	5.662869933978	6.82995966154628	0	0	0	3.31151970122231
DDR1	6.6344144355997	6.44731615935499	7.49855753794395	7.10681709645236	5.66218822379841	6.29611314836708	0	6.7064900720305	0	0	0	6.21054205787205	0	5.08104097565245
HLA-C	6.8036353706281	7.6928439088503	6.70328680865529	8.58622138070825	7.96511713989626	6.76443864845449	4.00732885426699	7.30949003556803	8.05135655274198	7.15050224348036	7.15068329188106	8.41530524301442	5.43547708204238	6.42703972547921
HLA-B	6.82319561515363	7.78132189231694	6.15308582626925	8.99441947309145	8.15089405118968	6.32392244443395	4.09231342634023	7.19514953243669	8.50078196120274	7.50171154957947	6.89113799756156	8.9816316174573	4.97973775281231	6.36750302238419
CLIC1	6.14744857429689	6.24041114181049	6.08814516356245	7.47279440272516	6.47218174325152	6.1678616031753	0	6.31827424434759	7.69101846263606	7.43340451321684	8.51786377127129	5.93790863290681	8.74569327754789	6.45219678084193
NEU1	6.21242022246803	6.32292288832878	6.05057251264523	6.45743972630025	5.90088685138345	6.70234319629691	0	6.67676755163322	6.49394081536635	5.9412866286821	3.30014924092397	7.86591993135368	0.917459484812929	2.53856386652838
SLC44A4	0	0.905749022595949	0.810751116393267	6.74134453444687	5.16721191542245	0	0	0	0	0	0	0	0	0
CFB	0	0	0	8.48314365053126	9.05920438800359	0	1.11069314706506	0	0	0	0	0	1.4113750339586	0
CLPS	0	0	0	0	4.87507412944768	0	0	0	0	0	0	0	0	0
CDKN1A	0	0	4.57274838973109	6.06701591516707	5.19656373750693	5.00035812855277	0	5.69678139444874	0	4.59029894756761	5.35861840318528	0	0	0
MTCH1	6.36703064330823	6.53656801927879	6.39772793257215	6.72474231991631	6.20408821973506	6.93323970795629	2.42397737719072	6.9126028219658	5.93972497066014	6.26230610330908	5.38878990402371	6.07011800883061	0.871806429208249	3.02011907510978
KCNK16	5.77505807674643	5.45560055702894	0	0	0	6.52168840266001	0	5.93390959704837	0	0	0	0	0	0
YIPF3	5.34225378287789	5.85655413192543	5.90857003707527	6.537957837865	5.83769865880128	5.75785797507539	0	5.81670935330283	6.12880569397953	6.64359606180132	6.55094884763535	5.19644927452706	0	3.0793887755275
GSTA1	0	0	0	3.98523333764131	7.79825992431087	0	0	0	0	0	0	0	0	0
COX7A2	7.08049660629711	7.37300375095334	7.00844111641368	7.20357341670426	6.60933249890308	7.39591003504631	3.2797514547295	7.35311137885025	6.91751902412938	6.73992403365337	7.24148823106815	7.66781687772789	5.63254927152116	7.61356862833242
CD164	6.17480252063739	7.17474993571648	6.89777174742887	7.22778310343241	6.56832053014011	7.13324150990517	2.36035248450364	7.29076143850643	7.1905663327275	7.07207891503544	7.34161971530142	8.27273910798897	3.08379369943034	7.25116292944529
RFX6	5.41464616157459	5.71230257651932	4.59549463314384	0	0	3.99103892910351	0	5.49707839371073	0	0	0	7.18135634224295	0	0
EZR	5.04937571065547	6.67265452641509	6.83339885143956	7.41362339301202	6.70245031728229	5.11996873184322	2.0868437274398	5.73214120712126	5.33763572948825	0	1.34089229132633	7.25540265109297	0	3.12084918547564
PSMB1	6.59357265844199	6.58552985835525	6.454381481573	7.07713739072414	6.54512011821242	7.48003630008535	0	7.2158668136516	6.15835317095352	7.33458501022382	8.22353499526169	7.38677459591872	7.47011270873998	7.86048634492534
DPP6	3.92188949336247	5.0593023581505	5.67167003334757	0	0	6.2846579696836	0	5.77311435999091	0	0	0	0	0	0
PTPRN2	6.15414786176841	7.32818682982859	7.14562880003805	2.70658664430489	2.15393861750483	6.1964651369026	1.15292679042991	6.81541756406637	0	0	0.885095910737096	7.0277988795408	0	0.384656577935218
ELMO1	0.272202473084278	0	5.48873475802976	0	0	6.3603263139563	0	5.48936726646733	0	0	4.26817236302755	2.36706196590254	1.28759563234303	0.217669779702545
CFTR	0	0	0	8.9481385668572	0	0	0	0	0	0	0	0	0	0
CALD1	2.73779353174413	0	0	6.04714327238221	1.71465077533139	0	0	2.58092406143942	0	9.03277429592271	5.90105612010011	7.11471538518411	0	7.0402697681865
SLC29A4	4.11293511592332	5.69344467686386	4.37709698058637	0	0	4.7229516043998	0	5.44499789020093	0	0	0	5.00070509619242	0	0
ACTB	8.26184891404793	8.16086220208547	7.89104081347547	10.2570619226779	9.40727260276751	8.97777572021763	4.54103018323406	8.5537199497291	11.7969990984226	10.2632298105489	9.71497064498134	8.64235584913305	10.9560260059265	9.54429976838627
KDELR2	5.39047176618815	6.29742399711846	6.03028245797579	6.38513915312818	6.69237731951731	6.16439977463867	0	6.19633274906056	6.40953736345018	7.91240067061385	6.77900518568946	5.66978463236623	1.4113750339586	6.56711310587414
AQP1	0	0	0	7.54388814947679	0	0	0	0	0	0	0	0	0	0
STX1A	5.18872370111906	5.28247679538488	5.83386239873492	0	0	6.65627708878919	0	6.50182824328345	0	0	0	4.42362026873143	0	0
CLDN4	4.87632454492127	3.94345216905015	0	8.46383081707727	8.0317166857241	4.65695308992053	0	4.42999905588819	0	0	0	0	0	0
RHBDD2	6.98836370394732	7.01850791658422	6.80731744141826	5.79352721145635	4.82745481776459	7.61119501365287	1.6170534739478	7.62775969389641	4.20743481751408	5.92938104721356	4.54918040150974	7.31322765509138	6.67330586104799	3.0999709570259
HEPACAM2	6.9198703758056	5.46566476972378	6.13778600271837	0	0	6.1124310804635	0	6.26073361852303	0	0	0	10.4304189116741	0	0
PEG10	5.39034737197728	4.80704575619248	6.86657263837386	0	0	4.34101450456526	0	4.68674484512704	0	0	0	6.3374485298974	0	0.217669779702545
PDK4	1.6659833033845	6.06150366629874	4.5288003857771	3.35263435983266	3.9134386875059	0	0	4.14119125965731	4.86640950943765	1.72081638911535	0.659133296380345	0	0	3.04291968013443
NPTX2	5.12487513103815	0	0	0	0.52767686613005	7.99940487937945	0	7.28508905880615	0	0	0	0	0	0
VGF	0.328135401176325	6.60615605838165	4.03258216141547	0	0	2.70243125342204	0	4.53523484817874	0	0	0	4.645255223645	0	0
CAV2	0	0	0	6.1041176038531	4.07283389113611	0	0	0	0	3.55889949479781	2.45696130456272	0	0	0
CPA2	0	0	0	0	9.9471137164089	0	0	0	0	0	0	0	0	0
PRSS1	0	0	0	1.72909961714135	13.0691076225536	0	1.48152501786876	0	0	0	0	2.42515408638882	0	0
TRPV6	0	0	0	6.16783274253012	0	0	0	0	0	0	0	0	0	0
PRSS3P2	0	0	0	0	9.54904182052207	0	0	0	0	0	0	0	0	0
ATP6V0E2	5.29900629131363	5.99475448899324	6.65044813855425	4.87612299392529	2.97457910383662	6.96190064900643	0	6.86956306682997	1.26813251881773	0	0	5.70941595978233	0	3.3491848588687
TMEM176B	6.64738902860773	8.68776175586769	7.7133894766248	3.71992135285103	3.91953020662019	4.16680448782643	1.6170534739478	7.35516824877533	9.11389006901254	0	0.626437142821631	8.73179053838484	0.871806429208249	6.45029080315845
TMEM176A	6.26923529160427	7.62905989047425	6.7412926878924	0.827776888505868	3.19513920554147	1.19816087069226	0	6.46398642553493	7.91798551010164	0	0	7.3012829162915	0	2.29987069088959
INSIG1	1.99412642653805	5.20509465718617	0.822007292394232	5.23891338350226	5.43087727509544	5.77588146663823	0	5.71320166337648	6.36968924172068	6.73130756060123	7.46435521910349	2.28598078470047	0.917459484812929	0.915070099333879
RBPMS	1.78149477828495	0	0	5.94812936135516	4.9727900270125	0	0	0	0	5.19648098694195	0.645544614439277	0	0	0
ENPP2	7.06836432330358	7.49768724244244	7.1457758037658	0	0	7.57465217530515	2.81419223805361	7.66091127701284	0	0	0.636391640047814	9.54521709630895	1.12111005493759	3.25058364781199
FDFT1	5.55304295475386	6.55198508484494	5.39378726235699	7.49975121380675	6.48432018118936	6.41631319422843	0	6.45933156979579	4.51584153161261	6.25441950803884	5.37818412627808	4.30248522023158	2.66062708780273	2.98450714337125
TUSC3	6.82980594254355	7.71500372618644	7.2026716269321	7.079179481537	4.10473206051292	6.94854936831927	3.0943616155036	7.193616337191	0	4.95168624817424	0.4453852768625	6.28174122941559	0.971446652885509	0.217669779702545
TPD52	7.90279749929499	7.19492576711061	7.04158455165647	5.66484054631166	5.17951727394912	7.68786446891311	2.52952878955537	7.60927713541843	4.46776463044952	0	0	4.645255223645	0	0.42988980658814
LAPTM4B	0	5.31463293256229	3.7348244671585	7.02256731186827	5.90841908821832	4.49330704250469	0	4.82820661208114	0	5.21530460553739	5.78621277664513	3.51061214358155	0	3.14159919719916
SLC30A8	6.6757937276325	8.10146024830914	4.36587476627838	0	0	8.87144968420681	3.31646260234792	8.52902195155153	0.514512363888487	0	0	0	0	0
DEFB1	0	0	0	6.26292284590136	3.137940599047	0	0	0	0	0	0	6.14090396844096	0	0
CTSB	6.51547735823836	7.64297241550525	7.22564289282602	8.24793464677381	7.52347228321477	7.64440656559533	2.72097845960279	7.49916036570867	11.3529715694965	9.21711434102062	9.07798022938524	6.95429625143295	8.25698548368011	8.37647292128091
SLC7A2	4.25472369633172	7.06537411087787	5.44305946127012	0	4.63480672645479	4.58813627117068	0	5.91412043073454	0	0	0	0.762218536446506	0	0.217669779702545
TMEM66	8.12330221315216	7.35943767738742	7.60579481776112	7.8705998595487	7.27759126314337	8.20012387003699	4.15215053319805	8.03455886841641	7.49500293348085	7.57151182679464	6.5339211734228	8.28137970008691	8.33050970931435	7.78546421292372
DUSP26	5.70364143553888	4.66625541636005	5.76491097083185	0	0	5.69250224854122	0	5.72764640103771	0	0	0	5.85350103365915	0	0
CRH	0	4.4701874158223	0	0	0	0	0	3.0414192190174	0	0	0	0	0	0
STMN2	4.75757808157167	5.54715552354206	7.43582004348211	0	0	5.64862203196808	0	5.80258774946787	0	0	0	5.20740315494231	0	0.384656577935218
RPL30	7.03688847515347	6.8511409135383	6.81180858104282	7.01384014895099	7.55010675585901	7.47170564087403	2.24370726055745	7.44344681771374	6.89647933055561	7.46191496815422	6.37507632259517	5.91453733688306	8.40191555919303	6.73932096651828
PTP4A3	0	4.69267719411689	4.91847356322744	0	4.33580225825636	0	0	2.52499824949774	0	0	5.47198146444363	0	0	0
LY6E	0	0.93244634634838	0	5.79150589152405	0.57134562029673	0	0	3.34831111862919	0	5.79813095906152	3.0737514460222	0	0	4.65503111533167
GPAA1	5.04959039861498	6.375096082536	5.25552242757494	5.86755346105675	5.37758951328228	5.64772564966394	0	5.95084397209394	2.72987551938986	5.76609558531054	0.562208578387636	5.33405951434629	6.0619487805647	3.26905010928663
RPL8	7.95284739317441	7.9522640058048	7.95215652603859	7.75712129701584	8.66486921191512	8.17887522262362	4.10700203080543	8.24071473206484	7.23754148425929	7.97900168777898	6.97488628221893	7.6218439606653	8.53598016089801	6.42571890350931
SH3GL2	4.30575169133201	4.84163139493608	3.55610573663865	0	0	5.85647026624537	0	5.09767697215619	0	0	0	1.06489085021413	0	0
TMOD1	5.91257165291271	5.20966558749697	6.21830701321652	0	0.273981538902483	6.24727162498122	0	6.23036332362548	0	0	0	1.06489085021413	0	0
STXBP1	6.43208451712277	6.58326778807753	6.50299535700672	3.57684015129884	1.92238983320605	7.57785619345617	0	7.15956505708708	2.70446200338171	2.45710773005361	0.324589399577081	6.40500930898182	0	1.28416284624721
RPS6	7.24608711731477	6.93382975095185	7.21678584915137	7.38645633812577	8.5024358593309	7.8234942838393	4.81629827828216	7.61992085012958	7.47233115076972	7.79062193841827	7.14132970669966	7.00624743004354	9.03001421955967	7.33515233742545
PRSS3	0	0.943217191881438	0	0	9.9103603003993	0	0	0.567740497881926	0	0	0	0	0	0
ALDH1A1	6.69114580934531	9.55712627551845	9.29926228272362	6.38556932370411	6.81249632003269	7.92343266601818	3.70780164179238	8.46321300725188	0.89299124280449	1.91738934207539	0.835754071273041	8.77773745160124	5.56916769517956	7.41618534362146
AMBP	0	0	0	6.71480990590228	5.73331217289663	0	0	0	0	0	0	0	0	0
ATP6V1G1	6.99431971217549	6.90847180790808	7.21060101279734	6.42461844919312	5.97735786374801	7.51567188003383	0	7.41891159919795	5.82130604887141	7.14327920754728	7.47890313986688	7.72428574026802	6.57002896983201	7.59090556076014
GSN	0	0.599911106391997	4.16573394612925	7.42093672645317	5.28129872307972	7.97412474007976	0	7.14673231859006	6.82032582164465	6.4977648970227	4.75496773036145	0	7.64943051047494	5.87051023226144
FAM102A	6.49555741429594	4.81844659258755	4.63186779715449	6.0146504980058	6.10647967800131	5.52813760231057	0	5.89733702935991	0	0	0	3.81804671155225	1.55686180754533	4.7737565059372
LCN2	0	0	0	9.81135190525378	9.60282089653884	0	0	0	0.906959743691396	0	0	0	1.76638928444554	0
SURF4	5.41400895757614	6.83609486793951	6.14743072357206	6.32870083765913	6.35358500216883	8.44855023192179	0	8.20198726591683	6.83449584045608	7.61667883438736	5.94150447500145	4.3012236794339	1.96834792052984	6.26266371454251
NPDC1	6.57541862901987	6.78265490489733	7.14526246281558	3.88004413680003	3.98813180960692	6.39992907916252	4.09231342634023	6.72471914765771	0	3.62171269110231	4.3130319673361	6.12689251662976	0	2.43341258083256
PDK3	0	6.27522319127638	6.72680336066619	1.89391804727787	2.53927737617752	4.28687620352655	0	5.72083332566867	4.22891297989265	3.18911903586602	0	0.659739816903006	0	2.37917692548412
TSPAN7	6.51097965951048	7.19720729374327	7.30517936643627	0	0.361810389847054	7.05452973757974	1.44136241654514	6.93607748959834	0.89299124280449	0	0.86538180721289	6.3374485298974	0	0
MAGED1	6.5860150450403	7.13628654561129	6.94178815852537	5.99198023798158	5.66505989491693	6.58970724091507	0	6.88332718247787	0	6.9211775024971	4.64217423245448	5.92752500835995	6.94503222942969	2.3111158610207
PRDX4	5.86972794329811	6.97248683225932	5.68077711892473	6.01583284916743	7.0358784597028	6.20675214636462	2.42805336840243	6.53212603000884	0	6.31354371897002	5.64260152165027	6.39536946992521	5.22610093559411	3.06502162283115
SAT1	5.47098274751306	4.95037263291737	4.96862436609883	9.88009059075923	9.3169695001232	5.16631620212817	2.72097845960279	5.69897118896162	9.3732516901118	6.79966246889439	5.19587557540008	5.70530923000222	5.92664654919989	5.96532465388273
ARX	0	5.27389776279678	6.20091130998331	0	0	0	0	3.84751572159383	0	0	0	5.61704863892134	0	0
TIMP1	7.82729770852923	8.2321188097472	8.09360704940708	7.11303510187499	1.12849295393198	7.68396283132564	4.45120129953131	7.83623474439758	7.26037355277587	11.4316267449157	7.32238174277045	8.12985411917365	8.35864761623503	8.42285996457952
PCSK1N	8.81598105465897	9.39358992786696	10.0480852714352	0.457202145630248	0.984291730406317	8.84713890933269	6.02744187803812	9.66127528983575	0	0.437726636123098	0.254755522191811	9.11336150170559	1.76638928444554	0.814546384523358
MSN	0	0	0	5.72598257407167	3.85952326253557	0	0	2.31805141041034	6.77509753969322	6.73071371216117	7.63000006171195	0	7.4211870391488	4.04895686599176
RPS4X	6.85744649530585	6.44450087073401	7.02953254517429	6.75913001439708	7.76062975315557	7.35299215544668	3.31646260234792	7.10465575778765	6.25577796732883	7.22142559182482	6.06350655041857	7.15382981024681	7.57923708586095	5.36997007005722
XIST	0	0	0	0	4.05923070138354	0	0	0	0	0	0	0	0	0
PGK1	6.39305869310504	6.17976329947095	6.14078591048455	7.71071853841869	6.61792721628449	7.14214010373827	0	6.7231187762894	7.71051308401722	7.40372584384076	6.90096454390618	5.98603357111418	7.88043810122368	7.76496208614261
BEX1	8.11253537154903	7.64186516822196	7.39889305453143	0	0.486042165727259	7.84106747871771	2.68045986293578	7.79987957235261	0	0	0	8.23077540572951	1.4113750339586	3.22392281632865
NGFRAP1	7.31737009633852	7.77597786215307	7.37191089564333	5.87268772050247	4.31934826063135	7.03506870057943	3.31646260234792	7.46849858268489	0	6.20561546862955	5.8276226390715	7.85428840500337	0.97897595989246	7.22324807601121
SSR4	8.24861977203201	8.66200265286101	8.00299110620673	6.6782512695602	7.76636237158451	8.11891075702878	4.99421256359996	8.69432307260548	6.3333016830366	6.87889757647483	6.90696020005165	8.13399591853608	6.1118300183707	6.45370218264467
FLNA	0	0	0	6.3239508895366	2.61435447576723	0	0	0	6.46549570141141	7.27537767707606	2.60189481908693	0	0	2.95975003294589
ATP6AP1	6.99814267455776	7.7602149693473	7.66950074263932	6.39560869575203	5.81220623419484	8.05337904448634	3.34839217153286	8.02993686076203	7.73932760805298	6.88109255406695	7.61813037281044	8.1709217717954	1.96834792052984	6.93615721414552
CD24	4.74391770130533	3.56275836129791	0.4771602305853	9.49864286270155	8.74848634452098	5.45558052147965	0	4.93625400923111	0	0	0.169402425754197	0.750195609383827	1.4113750339586	0
RPS4Y1	0.849058387158325	3.46407422161297	3.86381799446861	0	0	0	0	2.9543462104494	0	2.16631144894651	4.52506282568396	4.51350539803458	0	2.55226345806619
AKR1C3	0	0	0	6.12132612976525	7.51398455049804	0	0	0	0	0	0	6.57890418815962	0	0
ANXA11	4.58111014471507	5.53412863593628	5.20912679734083	7.56818659928319	6.37808888151616	5.3312810197132	0	5.15813295721238	5.71431999092743	6.03357376506938	3.1719473893985	3.1138780152921	7.44083576785344	3.4078940951571
PLCE1	0	5.22986382458404	0	0	0	0	0	3.25059510853618	0	0	0	0	0	0.42988980658814
LOXL4	0	7.84069268435918	0	0	0	0	0	3.32456362392971	0.514512363888487	0	0.288679888891724	0.659739816903006	0.971446652885509	0.217669779702545
VIM	0	4.5464669357085	0	4.82520194133088	5.87710407118266	0	0	0	7.59116894413183	8.78009068068848	7.04852433788744	0	8.84427809360161	6.51261608904026
GAD2	6.5576684625519	4.72644183229101	6.57121296245917	0	0	7.27243156276698	0	6.89122779799676	0	0	0	0	0	0
C10orf10	1.66506396081242	7.55548814594633	6.47231682801526	4.87192202592591	6.0281953610485	5.35277973329067	2.77285741657007	6.78843749991328	0	0	0	6.68118372791359	1.12111005493759	0.647559586290685
TSPAN15	0	0	0	6.6266859296632	5.57646434148025	0	0	0.639818614203264	0.906959743691396	0	6.55397540908073	0	0	6.63028363902336
DDIT4	3.50910598179412	0	0	6.30989296453998	5.87018987976446	4.01822780191577	0	4.18879530081992	0.653170269244622	7.36141192217146	0	0	6.69774908188251	0
PAPSS2	3.77246910612488	6.62015827825232	4.93297611760927	3.63197830277407	4.58276728328717	6.89356179120152	2.42397737719072	6.85346414381112	1.10113929658449	5.15844704667002	0	7.25549744905728	0	0.647559586290685
PDLIM1	0.654570103067716	4.64066034214219	0	6.96992448371581	5.24296762618324	4.94217849013306	0	4.82820661208114	0	5.5661337895318	6.59048418270292	5.0086172795355	0	2.38850413421812
SCD	5.22242118859753	6.6312361128293	5.54645685712873	3.33378427619738	2.05479627200254	7.05435027128483	0	6.84015748875441	5.54873296710446	6.3599774567832	0.87858672841403	0.659739816903006	4.04763027871183	5.6661245663741
INA	5.29219138430703	5.21014508723401	5.91908880122963	0	0	5.58209893938661	0	5.73708619881636	0	0	0	4.84951339755542	0	0
NEURL1	4.59582600752031	5.36304582537815	6.11455878357502	1.97237808484012	0	4.88312384418479	0	5.31678782466219	0	0	0	2.71562427256182	0	0.217669779702545
PNLIP	0	0	0	0	10.1014792776562	0	0	0	0	0	0	0	0	0
PRDX3	6.71101431609773	6.78358999823988	6.67999611097123	7.33222564127168	6.77683310907679	7.36925361489368	1.11069314706506	7.19940501139401	7.08952584297484	6.13474447154406	7.17730012273232	6.50056229152761	0	5.99011131648378
CALY	4.31923285492856	3.50513809555102	3.28844161348405	0	0	0	0	4.01906248086865	0	0	0	2.69154711623787	0	0
ABCC8	7.17722734394415	7.09375450010575	8.09777182389422	0	0	9.11406033671134	3.34779019661686	8.81696297130865	0	0	0	2.99232835428743	0	0.647559586290685
USH1C	4.85912371934083	5.38414064571843	5.83293596700378	4.6284968993238	0	0	0	3.81539612339351	0	0	0	6.03260486043495	0	0
SLC3A2	6.94895783105189	7.15510549271229	5.55282987683446	6.54435758074615	5.89661025898339	7.06351078902046	2.42805336840243	7.25360505275667	6.27303790847809	7.68916033689065	7.46131973932866	4.14041698146306	7.70459572255602	4.00498423347751
PRSS23	6.06306110884677	0	6.31595264953099	5.66665973593807	2.79613510553508	6.86355116625601	0	6.06249906969464	0	5.39676677840495	7.89232696266134	3.21998768599037	0	0
SORL1	6.38815587141368	3.34206661195232	6.21680564380486	3.23446009822457	0	6.91595901299293	0	6.22488577202075	3.28553519300319	0	0	0	0	0
IFITM3	0	0	0	7.6182858512504	7.44465900495771	0	0	0	4.04095770690423	8.10449617597475	8.19860470948884	0	5.79128497976925	7.96896194059076
IFITM2	0	0	0	6.68503257076639	3.38834830582145	0	0	0	0	6.85617515386919	7.58052378061399	0	7.59229139060925	7.23391059083711
RPLP2	6.44046421680665	6.32761291565403	6.47421598898753	6.79224142254502	7.95813351198756	6.45322037181959	2.42397737719072	6.83828872831943	7.13743251905164	6.98173266318153	5.18437054088593	5.25198610297263	8.51313253251003	5.02276580773246
CTSD	6.79607019082358	7.09708838137178	7.10661934162036	10.4355063233334	9.28916077720652	7.72996350054868	3.60719967821891	7.79027871842349	12.9050598863449	9.19543751182135	7.22055520361527	7.95416033314782	10.1824452467393	8.6848605874575
TPP1	6.34746216847933	6.87799659846983	6.70657520732273	5.99992183836983	5.57942149991482	7.01664845402986	0.966413087999393	6.9154770694348	7.90955902020809	6.86703789057105	4.83388800120161	7.90771052480744	5.61198985713626	8.48381684149382
EIF4G2	7.32676341662327	6.78008414567358	7.61557564655278	8.11751245260814	6.94590054637357	7.68410284573374	3.2797514547295	7.02670770882965	8.18077041608885	8.22424663541469	7.8404576166702	7.43988916474054	7.17715155009681	8.24416654252459
LDHA	4.69010383165686	4.90069888845142	0	7.40924519945134	6.82592365946063	0	0	1.94702199637435	7.40797656472588	7.59471840309404	6.50273563677436	3.75239362552244	7.30420624138838	7.12956609759239
PAX6	5.53897446223221	6.98541402766589	8.38800245470182	0	0	7.58586902663283	0	7.55160480824925	0	0	0	0	0.565989864314855	0
CD59	7.06361560887963	8.42593441315924	8.00072647826738	9.68652992497546	7.67438259696314	7.75823925085865	4.27513802039132	8.12852221906501	7.08284883412297	8.92603230031809	9.58544794573955	8.05033738146534	7.22470665506325	11.1612286921943
CD44	0	2.84149014859996	4.1311411672171	9.05504216548849	8.36217022264051	0	0	3.23778846585882	3.90702888846018	4.94336884746727	0	0	8.98240229426859	6.27050145130634
SYT13	5.97347693777732	1.46810182991815	4.67005138808148	0	0	7.20048667779381	0	6.51152182210032	0	0	0	0	0	0
SERPING1	0	0	0	8.98078223395862	5.40769170272152	0	0	0	0	6.77457089277461	0	0	0	6.07613092636723
SCGB2A1	0.628065911258316	5.83725580758984	7.37443021835074	0	0	5.44969484309426	0	5.9737362251576	0	0	0	0	0	0
COX8A	6.98443823997876	7.74759737647928	7.31494652032533	6.61957293658918	6.05636963313817	6.79077307763656	3.95162071946172	7.67028934405101	7.61765930683478	5.94228024136157	5.69873301400542	7.38726855354233	7.1076337436771	6.72452488355401
CFL1	7.22784886332162	7.91758430270816	7.56028241687969	8.68960624488454	8.18901732650217	7.34353537066107	3.60170709229563	7.71597573299699	9.4224222063603	8.76699079127283	9.06257635903112	7.45714983045778	9.60160449326631	8.82783376590338
GSTP1	6.3527949495667	6.04631126568989	5.65768378947945	9.00171754194966	8.55060346907161	5.45661462561537	2.50388153096589	6.20760833311637	8.21500185174212	7.8914539015538	7.34867154268796	7.27894026923431	6.76968089127516	7.69382294100732
DHCR7	0	4.88908850123732	0	5.39966988546248	4.25597629084035	4.55110240342095	0	5.11723500101446	3.44088204011836	4.82278041027224	0	0.762218536446506	0	2.80839795559593
UCP2	6.38536135786201	3.78549456209264	1.48217088328422	0	3.24804094630728	0	0	4.16534724845896	8.52699407673793	0	0	4.46875579700018	0	0
RPS3	7.53250209680895	7.21761246464216	7.48821466010612	7.2123962566244	8.0052749215362	8.15597169954828	4.28711265614161	7.90362559880431	7.72124665691892	7.7639174720554	6.74750973801353	7.48379877564444	8.51617573772745	6.21795768722136
MMP7	0	0	0	8.84127333084886	0	0	0	0	0	0	0.618889483767685	0	0	0
NNMT	0	0	0	0	0	0	0	0	0	6.53042180488377	0	5.18390742823513	0	6.50945489720396
FXYD6	5.96918154589309	6.98786456067338	6.30126710353967	0	0	4.11558958115919	0	6.31809326688259	0	4.64039527523444	3.755415471699	0	0	0.42988980658814
HSPA8	7.77384349086174	7.38583377022496	7.40201908069494	7.91589675196845	7.10711652480165	8.75801133084369	2.48350982972369	8.26592448557335	7.84579154659532	8.31388575681996	8.70631813467415	7.64584219638666	6.39977149962326	8.71818130318562
TMEM45B	0	3.3328831291627	2.92803043211865	4.20952066399657	0	0	0	0.80203559564512	0	0	0	6.55530894617333	0	0
APLP2	6.93545161992517	6.36675533751132	6.90316793770229	8.28406839008926	6.26578043304847	7.26422595904385	1.25014570490977	7.16692768232328	7.28439296971146	5.97336118997463	7.08815664198741	7.1588274604722	4.21933431964772	6.92328555059107
SLC38A4	1.55772204822081	6.06759769682283	0	0	0	0	0	4.67226572246531	0	0	0	0	0	0
CNTN1	4.32098488490791	5.95367465020231	5.47112148396653	0	0	5.30650688502942	0	5.34835394769704	0	0	0	0	0	0
SLC38A1	4.83124477477352	0	0	6.02194550601266	5.26522553097569	0	0	0	0	4.83471594054253	0	6.43536264764458	0	0
BTG1	5.2026121673081	6.07797582977964	5.66310905256012	7.33623294936255	6.42369516069248	6.13679957376574	0	6.07067744580156	4.16204498540605	6.09376206166307	5.335716812617	5.06894700806212	6.72229798313672	6.08142736171778
ERP29	6.61202563288046	7.71138066729887	6.57663531996694	6.90798997985238	6.64243273608988	7.65978038078649	2.95521664432539	7.8472126058564	7.1905663327275	6.73496175543212	0.679031210771675	7.65141698160166	1.12111005493759	6.34585600373052
CD9	5.60869737837921	0	0	6.85132507039639	4.73430085564179	0	0	3.73197299499153	4.83216942190905	6.18788143975531	8.89566190839129	4.3012236794339	9.81122885198362	8.47376100298231
GAPDH	8.33762107852273	8.15485462862835	7.99104020397913	9.17945442111169	8.5726344136667	8.62203800314224	5.99151172533192	8.48404666740062	8.75958286312216	9.50619633046221	8.06696040672171	8.37408364977517	8.9508596503876	7.38968013858273
MLF2	5.81041085886072	6.19519786183518	6.12606511843884	6.54320806190647	5.96624108471199	6.20548340498754	0	6.3548852901391	6.71321618734438	6.2757591277171	5.95592846062369	6.0556542096414	0	3.53375246004122
ENO2	6.24632393413789	5.50863285661339	6.00988483243449	0	0	7.16150275333702	0	6.74778717584787	0	4.01545485016667	0.254755522191811	0.699915003407945	0	2.87522767542655
IAPP	0.544803066873838	0	0.36116038085507	0	0.452178364661043	10.7575357901616	2.14780950127755	10.3322141031756	0	0	0	0.828136857108187	0	0.42988980658814
LDHB	0	0	0	0	7.30788101463205	4.59413671900938	0	4.31681811675875	6.46005883879985	7.6273072478395	8.81096769091839	0	7.001497895266	5.91890073000646
TUBA1A	5.8960977605215	6.62039967500129	6.31971671919744	7.29891777534583	0.343675157410735	7.12650449706253	0	6.87887847156835	6.71738446711047	6.77003252451767	6.76073757162858	5.37804651126639	1.74428400326138	4.11202891593801
TMBIM6	8.14819694983886	8.55347827320967	7.98939858399107	9.25949188716769	8.61373091764769	8.68565114286831	5.50970711413348	8.55762636539237	9.25806484858641	8.69984841486341	9.25324675754014	8.35523314097988	8.33423145329168	10.2513797887265
KRT7	0	0	0	9.1209097232412	8.12595127190517	0	0	0	0	0	0	0	0	0
ATP5G2	6.79869804265172	6.98097492633664	6.69443861637568	6.5685366111772	6.60925734852312	7.00298194158534	1.44136241654514	6.76435704589354	6.01030310809778	6.38200708380377	6.26665045768339	5.93790863290681	7.58646717670234	6.44151085353645
PPP1R1A	4.91643550587401	6.29508513741395	0	0	0	5.02158779036149	0	6.08498105527994	0	0	0	0	0	0.217669779702545
MYL6	8.15248810678886	8.74592611065776	8.68637270067647	9.29206448929929	8.56918327766869	8.53872497624366	4.99421256359996	8.7665293332215	9.03425903388323	8.7458236698133	8.86622955543664	9.65656810726411	8.6601329643569	9.14199884910435
ATP5B	7.67774607644418	7.73074949333847	7.42782615448362	8.9771766933951	7.8613207612588	8.29060698029537	2.50388153096589	8.08091902216493	8.42317695517185	8.68907311366048	8.68108564647432	7.20076844033645	7.74094868617415	8.71596359004723
LYZ	0	0	0	4.19178327187439	8.37405193131301	0	0	0	11.3524642191349	0	0	0	0	0
TSPAN8	0	0	0	8.24988279410495	0.621208895557317	0	0	0	0	0	0	0	0	0
SLC25A3	6.30263673914142	6.47555524092172	6.08149354733033	7.75612366953925	7.02817419946335	7.11661432681319	2.84285366633375	6.91984197340323	6.79263006740383	7.4788009117697	6.77154187400378	6.50692821980725	7.22926290260191	7.23831497118761
C12orf75	0	6.5849564450105	5.4178567224836	6.80867908568733	3.81021268586128	5.67112133056353	0	6.25495272195184	0	0	0	5.42073195412039	0	0
HSPB8	0	0	0	6.34418356526084	3.73036548341686	0	0	0	0	0	0	0	0	0
UBC	6.7007803995556	6.62746425833504	6.85424597614464	7.58245982723938	6.89502112774528	7.40642041727085	3.28737415480413	7.20694849623486	6.94851420229067	7.60079768170084	7.22232824680727	6.90724238086253	7.19799304270058	6.8346761258055
OLFM4	0	0	0	5.67191577526225	6.9927158098629	0	1.11069314706506	0	0.514512363888487	0	0	0	0	0
CLDN10	0	0	0	7.48843376762801	4.56569811745384	0	0	0	0	0	0	0	0	0
GAS6	0	0	0	5.44268766967883	2.3478994421609	0	0	0	0	4.37090857042752	1.40669974603567	0	0	0
PDX1	5.19519243617583	0	2.97317345600133	4.19382319030272	3.27563304854044	6.8075021144209	0	6.13570335723725	0	0	0	2.55401849187087	0	0
TPT1	7.32646222051699	6.92789567029789	7.34772783880917	7.70006860493145	8.20877835552027	7.50931216815607	4.28711265614161	7.49112682001448	7.04727096219524	7.96036565352342	6.93323047129407	7.43629440076756	7.00847209291656	7.38568817123579
ITM2B	7.46808889599823	8.55168324654887	8.21031453705585	8.74690090348659	7.74406517168717	8.40480192398277	3.70780164179238	8.34898073466364	8.20899166037832	8.05668568458034	8.55544119553189	8.8236627609903	8.51801026040609	7.34119066239578
KLF5	0	0	0	5.43397744999562	4.70217191261198	0	0	0	0	0	0	0	0	0
F10	0	6.69417334556712	4.92803499506715	0	0	0	0	5.09822317058554	0	0	0	7.13868612096245	0	0.647559586290685
GCH1	5.85233157325956	5.74120945716814	4.70207848536445	0.232724298850863	0	4.08300828094487	0	5.4318685347256	0	0	0	0.828136857108187	0	0
SYNE2	5.7582010768639	0	5.63827491788566	6.13123708950704	4.85757268262337	6.10858003885795	0	5.64374556816973	0	0	0	0	0	0
TMED10	6.79081458493827	6.87775459515967	6.31949100407547	7.12804561151631	6.9615811800442	7.38756962070366	2.72097845960279	7.48496304608956	7.50921425769181	7.20070937401294	7.01770538840985	6.71803712201981	3.08379369943034	8.5069982110278
CLMN	0	0	0	6.34264282825847	5.5548427948157	0	0	0	0	0	0	0	0	0
MEG3	0	0	0	0	4.28152226367019	7.30265770175177	0	6.07442992645975	0	4.38083265401404	0	4.35689815860567	0	0
RNASE1	0	0	0	0	8.32805326906161	0	0	0	0	0	5.92352858517934	0	0	0
LRP10	4.15999814220221	5.11806828246624	4.41199811361167	6.80995036525028	5.95635605280031	5.04551670329165	0	5.26471381053887	5.52559508026318	5.91156623964588	5.11434477943897	2.49884990932135	0	2.83644639035728
PSMB5	6.26671539641226	6.37116310204657	6.42363543935019	6.54856296376332	6.13537790691096	7.06295598353893	0	7.13531379058848	5.644001396921	6.9680436156338	7.51631970690564	6.53131409306587	0	7.52910023741085
SLC7A8	6.53869966510499	7.64651950462399	4.70369596755339	0	3.14810019249844	7.02688729518839	0.451243022881187	7.23438357879485	0.514512363888487	0.512849792603465	0	0	0	6.5334531281926
SLC22A17	6.1317214508618	7.4054510927614	6.21270075953654	0	1.0156317906386	5.34574640548532	0	6.22451608509921	0	3.83664758476456	0	6.26123587090896	0	2.58043319940979
DHRS2	6.3049308243011	0	0	0	0	5.4948394128149	0	5.00538957733529	0	0	0	0	0	0
LGALS3	0	0	0	7.33319631592236	6.35263952512347	0	0	0	6.76335917323469	6.44051084594606	0	0	2.24464503680908	5.40773213077505
GPX2	4.67460100323832	0	2.69429518422473	6.98536286560592	7.47976303099865	5.12771601484235	0	5.05613320772192	0	0	0	5.87715618221295	0	0
ZFP36L1	0	0	0	7.45789751914605	8.11980062596838	0	0	0	6.10030085306441	7.75824835983658	0	0	6.1361384568659	6.66808693005956
NPC2	6.95082861511946	7.37478768384161	7.06205563053301	7.23622992952043	6.81769396499343	7.09255936468909	3.70780164179238	7.40051322299497	9.56762877627606	8.18855881656892	7.45223196163158	8.16974328068083	6.93120671143541	8.48140084291311
FOS	3.94873526572699	3.50851683452766	0.381740748293278	4.82885532833459	6.73090021683427	0	0	4.21946054824166	3.90702888846018	4.24788765959394	0	0	0	3.06020904097707
FLRT2	0	0	0	6.48763292974432	4.18425074277817	0	0	0	0	0	0	0	0	0
CALM1	8.41042229361119	8.89822071207682	8.85071435722706	7.91909593886122	7.15361659081465	9.28513083416377	5.13073243577778	9.22435738040068	7.77589525124043	7.80517453823218	9.08953930965034	8.99785402213084	8.13769831850876	7.35399222000499
CHGA	8.37430318939531	9.71406991495879	7.89354405526752	0	0.463607382136942	8.97826161542943	4.67030445840352	8.84954087717857	0	0.315699685841836	0.169402425754197	5.13375850985196	1.87434802203907	0.634192118358589
SERPINA1	8.19297796655043	7.81251852981024	6.47732123311912	9.08151717836171	1.07748047263001	0.578056082501301	3.2492625574015	6.62255466280646	1.45952591065589	0.623832258386924	0.590527632136274	11.1009416484682	1.96834792052984	0.384656577935218
SERPINA6	0	0.627854991208183	0	5.25311855999281	0	0	0	0.935331329098935	0	0	0	0	0	0
SERPINA5	0	0	0	8.43234835064208	4.39260116787291	0	0	0	0	0	0	0	0	0
SERPINA4	0	0	0	5.24034459475061	5.50038832341236	0	0	0	0	0	0	0	0	0
SERPINA3	0	0	0	9.86708005842803	10.1082759402775	0	1.55778267773764	0	0	0.118208448869463	0	0	1.55686180754533	0
CRIP2	5.22066784443631	6.28563110839909	7.19110925689324	5.05289815119403	0	5.71120148959514	0	6.67527444542113	0.514512363888487	5.24974276218033	8.03286240392758	0.762218536446506	0	2.3306412278788
ANXA2	0	4.93546750233772	0.468773056398817	9.09181397820578	6.02430725777527	3.99404020238024	1.25014570490977	4.71701329619429	7.7768730294125	7.270665119156	7.94449299066494	2.85565924845005	0.97897595989246	10.0149472074351
ALDH1A3	0	0	0	6.82596430399642	0	0	0	0	0	1.01088972177935	0	0	0	3.38498054149104
SCG5	9.51681309971189	10.4961642806666	10.3554565945653	0.866822609717582	1.28618505869721	10.3403163511036	6.82528664530217	10.3771623204494	0.653170269244622	3.17197691899708	1.65215274438818	9.1011610796426	2.66062708780273	1.33159243798992
SRP14	7.01781063786549	6.99959311483121	7.40977892295753	7.60275441456106	6.9221898307641	7.23487458043866	0.966413087999393	7.24303504236824	7.19289657783211	7.24841473254046	7.95681563267001	7.95622951777334	7.71331626886189	7.93123151503202
SPINT1	4.93267484526994	5.40162201188686	5.60025330179118	7.72928253805797	6.37016033583923	4.86409535344493	0	5.11827158344604	6.03074189429346	0	0	6.32831658716102	0	0
DUOX2	0	0	0	4.04324082815773	6.82713171241487	0	0	0	0	0	0	0	0	0
GATM	0	0	0	6.59726785866582	8.43090831129883	0	0	0	0	0	0	2.68431103213681	1.47382462449728	2.4838540523793
SCG3	7.39550716988149	7.95412243562584	8.27268211494887	0	0	8.99019046814112	3.85907167033141	8.63764114613131	0	0	0	8.39284573164362	0.565989864314855	0.814546384523358
GCNT3	0	0	5.00410872559423	4.99264235721526	1.4122914913321	0	0	0	0	0	0	0	0	0
RAB11A	6.89692591398279	6.93787365648884	6.40959854440647	7.06420160352291	5.90669204604438	6.82810833267217	0	6.71025920905442	4.16204498540605	5.57053725489478	5.96617915739512	6.20517069470092	6.22947237921416	2.40680435734334
RPLP1	7.02117741166926	7.15048054196642	7.31886210305099	7.66092574912813	8.30245948955022	7.59377706397637	4.54256991502414	7.62642330526594	6.62186539685309	8.199387372761	6.5832709637722	7.35176393717542	8.89408305244653	6.71547846359641
PKM	6.90240164494668	7.82993746444199	7.45384217093191	8.35854116369548	6.65028509350292	7.19394409535855	2.68045986293578	7.40051322299497	8.77646577399024	8.36380001360792	5.13713056254397	8.30731769807771	8.94656944026994	5.43301274259993
HEXA	5.77628989421983	6.75450942230928	5.93595336693658	6.53123673600062	5.38151045114964	6.52109883044376	0	6.63232775469061	7.07562622137351	6.78896155425205	6.57226086311477	7.33946635698819	0.565989864314855	6.85666223492173
TSPAN3	7.16223765145749	7.17139181493341	7.42800447933487	8.71018624661928	7.97619490233091	7.54335812336692	2.95521664432539	7.28434189976738	5.71782177802383	6.81855692597582	7.24436880009679	6.87589121217655	2.28814097978984	9.40277445059129
CTSH	0	0	0	8.27744198530494	5.90822761722552	0	0	0	8.17862340877039	1.27446042778635	4.1873105584638	0	0	0.217669779702545
ANPEP	0	0	0	3.65845205838918	8.71132432598102	0	0	0	0.653170269244622	0	0	0	0	0
IDH2	2.57350864283688	4.00277979324176	0.930438060366547	6.99655265337416	6.69610332665601	0	0	3.81539612339351	5.9471457089751	5.22742144512159	5.95900877056471	0	5.51949343161789	2.92536070160492
GPR56	4.80510885338011	5.71838860509041	6.40256337716359	5.49175409097926	6.29179835511784	6.43206972141705	0	6.09972960451771	0	0	5.28524928799808	0	0	5.38931536077997
LITAF	0.820156731320301	0	0.360697605803508	7.21748045342453	4.71388746378779	0	0	0.644840464412814	7.69097862723633	6.97476840176877	0	0	7.63791347763924	3.43446288272657
CDH1	5.2657313732362	5.5839688304699	4.6930677195503	7.28475467566391	6.84228707051926	4.96443099467939	0	4.9453987614282	0.653170269244622	0	0	5.34018832011028	0	0
BAIAP3	6.51918874891665	3.57299146964193	4.93361875522009	0	0	2.42081164004263	0	4.18028865948258	0	0	0	0	0	0.217669779702545
RAB26	5.10590704470298	4.82200702806019	5.01148549329547	0	0	4.87649717915086	0	5.19221077425687	0	0	0	4.64599692214985	0	0
SRRM2	5.88506665086395	6.35741653682643	6.7801816844988	6.11730001684005	6.07452402470315	5.9610110108744	0	6.41095270888059	6.14764321840445	6.13700589713984	4.95856748037862	3.8813709537197	2.66282479551451	2.51562294557047
IL32	0	0	0	6.39875235723824	8.54355191186551	0	0	0	0	1.4956082631575	2.70565972700269	0	0	2.02134231394251
TNFRSF12A	2.77492206730059	0	0	7.28366679955022	6.32286817871311	1.93944069439259	0	3.23778846585882	0	6.15563910130234	3.90670861962879	0	0	4.64402917555526
GPRC5B	0	0	0	6.37947541443033	5.6396744885466	0	0	0	0	0	5.84393043354213	0	0	0
NUPR1	0	0	0	4.36724072175761	6.55124146197206	0	0	0	3.00012964993679	7.45667040945725	0	0	0	6.14661421524575
ALDOA	8.01352455149315	7.9214376161901	7.54890727226506	8.92208701939054	8.48440524291864	8.79549580979802	4.2757710794099	8.57134610964799	8.49252009290385	9.1881552100945	7.84765952772501	7.57750449690703	8.57516306761191	9.11843896816447
VKORC1	5.62834279203026	6.95204667180835	6.15123308906844	6.1892878973928	5.79210974585544	6.68925650772112	0	6.7975496612612	5.91900895870592	6.42274963990644	6.20447487721899	6.49850991450247	5.13254140951549	6.66844092202816
PRSS8	0	0	0	7.6497626357691	7.0978311041388	0	0	0	0	0	0	0	0	0
TPPP3	5.92218485137729	0.448176043667818	0	4.58009441478116	0	4.11922668173653	0	4.48077479356912	0	0	0	0	0	0
CTRB1	0	0	0	0	9.93032891885066	0	0	0	0	0	0	0	0	0
CTRB2	0	0	0	0	11.0535449166082	0	0	0	0	0	0	0	0	0
GABARAPL2	6.6197327383177	6.55364009954143	7.11106430751159	6.27746844132717	5.61251789506935	7.11649106607542	0.720719223646394	7.01142312693153	5.75850015385087	6.24945222081735	6.81140172503109	6.79715187429596	5.26273565366585	6.58284180537289
COTL1	0	6.11637253227392	2.18029047283844	4.38289277902476	3.54789904186333	0.169469408687294	0	4.21250429306512	7.80573902777387	4.49666293062308	0	0	7.18674624703756	3.64796791209829
COX4I1	7.2517017566653	7.26212341548538	7.29138583900068	7.70056162161334	7.37643472520734	7.58442628004852	3.88534902410764	7.64144888980855	7.67927838194729	7.33954506250989	7.34527302709953	7.86320709619364	5.72474610941642	6.77102667946821
CYBA	0	0	0	6.2446523273111	6.08101179435549	0	0	0	7.84550963383292	3.6362036467301	0	0	6.77773288465241	2.05615078485323
EIF1	7.95594423365174	7.42025948866947	7.48746900118679	7.89528907668548	7.22734896557749	8.25506695340053	5.41784247305658	7.95990343136732	7.96805346175753	8.58171813349285	7.84313504694242	7.10260542418862	7.61499618711576	7.81829946607147
PEMT	5.02237816392746	8.26673995564139	4.63260629861351	3.60010195729928	3.36950291121753	7.46780222181822	1.46351248026344	7.88281311389029	0.940874298674643	3.9159807247013	0.84854841947243	8.20066357685699	1.80316848758869	0.892101884665816
ABCC3	0	0	0	6.31687001888918	5.22327564913223	0	0	0	0	0	0	0	0	0
PRKAR1A	7.41017203746646	6.96098319134668	7.08895376907325	6.72115704705387	5.48945958601393	7.67557426281362	1.90969972924852	7.02552403238673	6.72580662212728	7.28632316560575	7.04603856875719	8.01362885164168	0.871806429208249	8.27348004005777
SLC9A3R1	3.38302187521768	5.60742478588678	5.99105283637669	7.42387942618292	6.10898545201284	5.1805089377647	0	5.09971984272682	1.9324361513416	0	1.72117134040099	7.01990106889124	0	1.28416284624721
YWHAE	7.01543071452432	7.08222755123258	7.24215272894559	7.07229903963943	6.61244238209102	7.42123863853512	4.13289375656565	7.12214795277239	6.96881378066348	6.43648172694706	8.15673138653441	7.82731792341359	6.74767696049226	7.76006656661978
ATP2A3	5.80491962096968	5.10175123452335	6.1871519573304	0	1.71530711239026	7.15120277005667	0	6.85713456721759	3.35006048711169	0	0	4.3724730764091	0	0
LOC728392	5.83848807099936	3.51897960227647	5.60970334074807	0	0	4.86600198795218	0	5.39614051819376	0	0	0	0	0	0.42988980658814
CLDN7	5.28609977255438	6.1147244704104	4.42778044262839	8.17677183335251	7.64428941237536	6.32785085526218	0	6.3742482650914	2.83301738964165	0	0	5.03522950922612	0	0
GABARAP	8.21467865129859	7.98813400505675	8.27444064265762	7.87720526292103	7.34453386053565	8.35713987226171	5.19888471868902	8.32540055572781	8.38736221702751	7.88929660459258	7.73602018875437	8.8236627609903	6.80042644007118	7.98880692687697
ACADVL	6.19808240922907	6.88929487841661	6.59675527916191	7.85934970421077	7.3256561429447	6.34971204449972	0	6.27083274869395	7.39701471833222	6.84962660877412	4.20258976618027	6.12689251662976	0.97897595989246	5.64922309407403
RASD1	3.42687396084748	4.40712354220142	6.25293386884224	0.482953398903846	0	7.27605323940979	0	6.91777048743362	0	0	0	6.45686858251122	0	0
CCL2	0	0	0	5.66053138532954	0	0	0	0	0	0	0	0	0	2.05615078485323
KRT19	1.51406775157516	0	0	9.40689565674552	3.00039615867896	0	0	0	0.514512363888487	0	0	5.76823686412227	0.565989864314855	0
JUP	4.79958101846027	4.41393028845225	4.44003954074092	7.80509927037106	6.34936969261214	5.09244494180184	0	4.92518719422555	0.906959743691396	5.19739462676171	6.13086745117248	1.25833418886206	0	0
RAB5C	4.41609522938406	4.94979791515882	3.20890843634259	6.05982720864006	5.41500009843753	5.19571452183324	0	5.35365552154553	5.85849971706105	6.03429882983261	0.874288374145876	0	0	0
VAT1	6.9054207793886	6.49140010192537	6.74668328805167	7.50162957575731	6.26448181624922	7.15204166417879	0	7.15956505708708	5.27453531394022	7.76750977653318	8.44135989702462	6.81230803186837	0.917459484812929	3.35890539136643
PPY	2.61032388901306	2.35841125097733	15.5968269583647	0.763401274373563	2.19965635944867	2.52217728184172	4.61100269692435	1.99636591373025	0	0.57423093782467	2.59519162404337	4.69912757330749	1.4113750339586	3.71051933692088
SLC25A39	5.63294639857029	6.21973392870465	5.48767762989477	6.36440058330752	6.60103172926363	5.86426051668719	0	6.154805804016	6.24127365431362	5.48405014814242	3.4697141277048	2.69067789456795	0.97897595989246	5.61503742567059
GRN	7.03796083518214	7.86075269506636	7.50819773269211	7.9084477076322	7.17558722578948	7.63053272113013	2.7839119646187	7.7556748734281	9.5970520310607	7.59544131135339	8.01494020950857	8.71591593442528	2.77112389103097	5.12219908139115
DDX5	8.21900190292557	7.67607920226805	8.29479401982214	8.24753910318788	7.15449632470996	8.45280394355374	3.82222065202983	7.86317545054923	7.50213553168721	8.81075334942196	9.19123442434053	8.4251019902689	9.36628399284493	8.91068581052709
SSTR2	5.01808817723154	5.34992418747899	2.90033026014817	0	0	4.76513174523893	0	4.75159968702422	0.653170269244622	0	0	6.25453358243548	0	0
H3F3B	7.84500050513335	7.08029834743423	7.55108181185786	8.46757720758071	7.59547937819315	7.56675613350171	4.10700203080543	7.71868144621149	8.09356519232063	8.1933169774219	9.36524035390611	8.07695519914122	9.69810698554199	9.83659754219341
TIMP2	5.08658922525793	0	4.43464470742129	4.86970032300743	3.90365048129723	5.17127733371265	0	5.5019289408962	4.51584153161261	6.16852920770789	0.37109138806793	0	0	3.29561586968229
LGALS3BP	7.25871297078231	7.28954349807937	7.15998767653531	8.06456110227973	6.07515811453025	7.61639661798723	1.48152501786876	7.64256671368903	0	7.91734560197894	0	7.99261305960197	0.871806429208249	7.20210781585936
GAA	4.91352434147676	6.08780326537462	5.41158935571396	5.72083106348185	4.918947927566	5.54589184919192	0	5.85461924480906	6.41236094812133	4.40799484255703	0	5.89952500256911	0.917459484812929	3.92132313595998
P4HB	7.10162426761531	7.29717881411866	7.38780887085121	8.15894434828677	9.1766181998882	8.02740525296745	3.34839217153286	7.62946067301901	7.01316223980568	8.57877622267296	6.78811466036398	7.29393774360747	3.03668679497617	3.74424197822022
MYL12B	6.1457430485763	6.49239611325976	6.44242861071853	8.60389841213409	8.17869167368139	6.68039149980135	2.72097845960279	6.59170442523894	7.09498532747863	7.50766463337735	8.61270361349962	7.98742031701101	7.97456790413731	7.83600328467663
ATP5A1	7.45725034718307	7.12278696087585	7.02138329479512	7.98556063441115	6.98444606061289	7.79644809598706	2.48296168425901	7.48810108634394	6.67477188316566	7.39742603445606	7.96466976848744	6.74216540251048	8.29762367779227	7.51408219408827
SEC11C	8.96030811125813	6.78664071214736	7.64766745836803	5.04804226038863	5.72281502369709	7.54245683267615	3.2828800333435	7.47785156666826	5.2385489848827	1.87838284229008	3.0083779368806	7.35179052048127	5.93192794865033	3.164900738265
FXYD5	0	7.03262875540744	2.45878405922195	3.42970699308706	3.64334103450007	0	0	4.66958615067922	5.94404617067739	4.87975096599388	6.27579702793588	0	8.1861650018229	2.63691662546088
C3	0	0	0	7.34372189134567	7.41148628755939	0	0	0	0	0	0	0	0.871806429208249	0
SLC44A2	0	0	0	6.08483122710294	4.74042049370976	0	0	0	0	4.10114192300461	6.44698304437738	0	0	4.0433710521572
MAST1	0	0	0	0	0	0	0	2.11285145856089	0	0	0	0	0	0
GPI	6.35508839342071	6.71091936869563	6.78216393503973	7.28898174902808	6.52441547505769	7.21041664623889	0	6.92173080320656	6.96761037858499	6.47703954771185	0.594085577612801	5.50243743732231	6.1361384568659	3.9708058971431
CLPTM1	4.62439506480665	4.65920498568107	3.76388330836819	6.06143888686612	5.29316758695086	5.22677234179354	0	5.53404029860341	6.3333016830366	6.02884355648067	0	0	0	2.36015270984582
NUCB1	5.04589800041908	7.13591514924178	6.12069488557415	6.23836755598196	5.6018999485257	5.70089384836896	0.688693089372894	6.00965936966101	5.94718976202588	5.73597354920558	4.15880037940583	5.24386448515776	6.38440552185782	2.79546108077127
PPAP2C	0	0	0	6.91379657853417	0.768010491299873	0	0	0	0	0	0	0	0	0
BSG	6.96658522415592	8.34893268605007	7.75589249609958	7.48063849581484	7.32879745309742	7.23382436416604	3.2614328943895	8.22466140886414	6.09037629426264	7.38682072848841	6.38667212242971	7.37210363599179	6.01028094082298	7.34814169118653
GPX4	7.60685815288655	7.72156160541048	7.13057007376049	7.23299647101944	6.91874239071621	7.3920686913398	2.50388153096589	7.67305825563121	8.19173845175789	6.88282412807221	6.38994927992677	6.54554440650636	7.001497895266	6.71253979436565
UQCR11	6.7523825864937	7.4072320267828	7.03137319197828	6.74112160975248	6.69560582825472	7.00107111160811	3.34779019661686	7.29177867834521	6.9032504985724	6.58813282106243	6.92089389515596	7.15990920481074	7.26966344723729	7.43652258802909
OAZ1	7.96255018846893	8.28553483509381	8.28227023346785	7.69738659752512	7.71064253239818	8.26548219456401	4.10700203080543	8.18886188007623	8.97220937617224	7.85457182148838	7.35582492510131	8.42363900436358	8.57893456159423	7.84882290862484
SMIM24	0	6.5617076755301	0.75345785112556	0	2.57791432604525	0	0	4.89350745224461	0	0	0	0.762218536446506	0	0
EEF2	7.32312241325281	6.80156251804083	6.71441313532713	7.51682781676213	8.38143914955116	7.74745292720635	1.48152501786876	7.77321003115628	6.42366591335183	8.10291550488873	1.69769132414595	5.34188652914452	5.8961231496676	2.07529920279211
MIR7-3HG	6.32089725649012	5.62097600725896	5.55028452276939	0	0	5.8290980986009	0	6.13621318011598	0	0	0	0	0	0
LDLR	0	4.05104005249388	0	4.99500848735781	3.76189991522593	2.41421906534565	0	4.11265359932916	3.62949281768394	5.44492319641773	4.33680996330358	0	0	0
JUNB	4.31203477845839	4.89339456521392	4.81989664167983	5.74718412902023	5.46978178653005	4.64618713027972	0	4.91621639331473	5.91065667289465	6.6973056442042	3.19283280259869	4.51350539803458	8.14788689853677	0
PRDX2	6.58738339265117	7.25517129599858	6.80910989812243	6.88563919772251	6.45487551681035	7.26802269075091	2.42397737719072	7.52431057107316	4.76832705800508	5.8840742179144	6.13996537559348	7.16982161519709	0.917459484812929	5.1655482016049
CALR	6.79318258729426	7.52411807373211	6.82879905136731	7.92456288230566	7.70654421437788	6.85279362851371	3.7264448556639	7.01086171814137	8.72625923953506	8.2818609405389	7.86229344609594	7.50514559787603	5.7870135461009	7.65966627129842
IER2	0.353352947140276	0	0	5.69749697500204	5.72520656735347	0	0	2.19118218832862	3.69554694138694	3.56162309353105	6.97098200556815	0	7.57257015391123	0
IFI30	0.914968625622993	5.1548250019269	0	5.33538829905143	6.3920577877737	3.66468768295499	0	5.03530244787619	11.6367156586468	3.78175594519013	0	0.750195609383827	0.917459484812929	0
GDF15	0	0	0	7.21765214705218	9.19524911411288	0	0	0	0	3.53780349371723	0.701300982943892	0.699915003407945	0	0
TMEM59L	3.35423693968599	4.27365793809852	5.09824633491409	0	0	0	0	3.47778019276082	0	2.71596334294843	0	4.92907426170039	0	2.42153657167525
NDUFA13	6.82527694150239	7.54790694688059	7.02132912619538	6.78786720447315	6.65689793921326	7.13106252860002	2.24370726055745	7.76153505544585	5.40015031415222	6.68687776625884	6.94731142080986	7.38677459591872	6.80700798033369	7.48632919774875
FXYD3	0.964656485428453	6.48606666083093	4.96519284521046	0	4.62042053054562	0	0	5.17514650463569	0	0	0	6.67149210446701	0	0.42988980658814
HPN	5.07864396849341	4.45630805991684	0	0	5.60332783832858	0.587544035224712	0	4.60906506084849	0	0	0	6.53586844542113	0	0
COX6B1	6.34030190684408	6.82497884654351	6.35359397354816	7.13324037831275	6.86803571414979	6.62032103877508	0	6.98307883186509	6.92792491554419	6.44826024464558	6.53373206297938	7.08920229612166	7.59892066904038	5.98110058819962
APLP1	5.94278405615133	6.77046291293924	7.27695119708124	0	2.93644543565156	6.58300929728937	0	6.72404996441669	0	0	0	6.85274180829708	0	0
SPINT2	7.59668416403208	9.58440382222102	8.30952078695165	8.56426791725381	8.08147946416036	8.46877232298486	5.26157795236012	8.85444659077495	5.2398429002073	0.725636578110685	0.645471210401248	8.20099163900204	6.87685946296788	1.42992143959808
LGALS4	0	0	0	7.27765585641492	2.59463649317974	0	0	0	0	0	0	0	0	0
PLD3	7.18094323371443	8.07782256338615	7.90047273655634	5.45147268388045	5.89659778550755	7.48465054266519	3.34839217153286	7.86408538013084	6.2678874997471	6.41671468411515	4.23183249657057	7.03841950056811	1.87434802203907	4.00600106109292
CEACAM7	0	0	0	5.14982859679216	0	0	0	0	0	0	0	0	0	0
RPS19	6.29290679661527	6.3720938859442	6.20990851899418	7.27970270781617	8.21496248064351	6.40807256409743	4.08005648011916	6.95466579395026	7.19244375728844	7.53588638743308	7.11035192012067	6.54814186751427	8.12675000336981	6.62095518157632
NAPA	6.33778059799948	6.34287336633701	6.40142783110053	6.0283224987499	5.83341274686619	7.28320394353624	0	7.07274764493577	6.55438830183982	6.13117131849272	6.11250253279747	6.48211551578753	1.47382462449728	6.50776432660804
RPL18	6.84651050361514	6.64665999866878	6.7650866720001	6.87746287247515	7.6730813368479	7.1737978431822	3.2614328943895	7.18206445684518	7.08952584297484	7.39504335643522	6.94982197780071	7.08844758542099	7.97871455023372	5.4439782125016
HSD17B14	4.43340141676349	5.37984362670543	4.21313400110904	0	0	4.63310521584983	0	5.31570004114107	5.36646679282122	0	0	1.67085084663399	0	0
RPS11	6.90655201481104	6.79190914580486	7.11836490751478	6.68143426091097	7.48129274057408	7.01072362690902	2.95521664432539	7.193616337191	7.03997355864291	6.95625601726724	5.9340104193956	7.14579522838781	8.24779718413374	6.73758523932147
PPP2R1A	6.30957929282996	6.57625247981785	6.33849608408174	7.2068470367814	5.98928740010377	6.72630861649884	0	6.7255141260295	5.87647606865672	6.54595109816375	6.24737707491919	6.69521702801626	0	7.02271823997013
RPS5	6.59493681844271	6.37869674520842	6.3481246573645	6.80803103874359	7.87737560575532	6.93859066479284	2.42805336840243	6.81509349516771	7.47978359258435	7.235806667522	5.34681967055911	6.84099758595541	7.6508860101801	6.18711484550599
SNAP25	6.5917026602956	5.76771930425998	6.47108078682468	0	0	6.67743812676751	0	6.33866187156335	0	0	0	6.1610457349682	0	0.217669779702545
PCSK2	7.6575404496743	9.69057582843573	8.03836032048989	0	0	7.4271877354749	4.58208609082674	8.3695075542323	0	0	0	5.26416299415546	0.565989864314855	0.634192118358589
DSTN	7.47382088929901	6.99553084315282	7.5306652293066	7.64128113306464	6.89853321151702	7.41113001887743	3.16293110382856	7.34401654703261	4.79500965158858	7.49531600194329	6.79712927022092	7.98092134820472	2.18749704622567	5.40188269561964
YWHAB	6.37386572617139	6.27713215343469	6.18395627763625	7.51859972003356	6.61098509754306	6.5345843254317	0	6.41728753283457	7.55226427437527	7.29566554128343	8.13610109350687	8.02226028399545	7.37090545535678	7.08310609998948
PMEPA1	0	0	0	6.76426174905655	1.37993862877784	0	0	0	0	5.28261530339728	6.16941658120641	0	0	8.09750459151544
TRIB3	0	3.44504101916268	0	4.16337408390666	2.14490070799842	0.950483611521405	0	3.39602687987347	0	7.11888847978452	0	0	0	0
CST3	7.32534603190845	8.11602045199538	7.98308256850092	6.95115183633364	7.26269580897938	7.35467721456249	4.09231342634023	7.986883855392	8.05418234165185	7.39537055294648	5.31545180150311	7.93248249211693	7.7716132369525	5.7984578051893
ID1	0	0	5.21233288805921	3.29654032732064	0	1.35417376589132	0	5.22288405246744	0	0	5.94340720184955	0	0	2.05615078485323
ERGIC3	5.78345682329736	6.2906065659673	5.54360477676798	6.94476720139088	6.73817223600479	5.59830461311706	0	5.77660050970216	5.30841303354992	6.86370662923285	6.10403474480067	7.29423977888784	5.78284268186298	6.10879063328691
TGM2	0	0	0	4.23247411704488	0.733026757745199	0	0	0	1.26813251881773	4.7253562702415	0	0	0	0
MAFB	5.53208682732631	7.76999651792996	0	0	0	7.60922914628194	0	7.6745972510326	4.6725677020593	3.88264580355266	0	0	0	0.384656577935218
SLPI	0	0	0	5.74457902748647	2.36921399161099	0	0	0	0	0	0	0	0	0
SDC4	1.62502536992459	0	0	7.48984895377099	7.44250100521076	0	0	1.26548144449334	4.13376427869005	0	0	1.16916701888942	0	0.819239533727281
PIGT	5.53561243535402	7.29746765020143	5.78730262511996	6.46441480692398	6.06935988534677	6.35982850655755	0	6.6966908473455	4.79500965158858	5.96214371609317	5.17286460669001	7.04445072514684	0.565989864314855	5.96100836249581
CTSA	6.31844953512379	7.34694051638258	6.9010304072433	7.77963076446798	6.55797773833869	7.15293375618914	0	7.37756732628068	8.61870764184648	7.40746237202364	7.53729591522748	7.47836861915223	0	8.52433800850836
EDN3	6.24634614809695	0	0	0	0	0	0	2.73379558328092	0	0	0	0	0	0.217669779702545
PSMA7	5.93420616112625	6.47385646073807	5.98379381344415	7.2335363960854	6.95106239536142	6.65477891065326	0	6.78813481071718	6.79912552819983	7.48048355237368	7.71154752324911	6.07011800883061	6.82545846566196	7.96963758094906
PCP4	6.65470434315819	4.02908540705261	3.2889475905487	0	0	5.52253895126596	0	5.13994168833804	0	0	0	0.762218536446506	0	0.217669779702545
BACE2	0	0	0	6.73857166294511	6.18881497360159	0	0	1.64132073854455	0	3.2187304087011	0	0	0	1.9462410810512
COL18A1	0	0	0	6.26395284606095	0	0	0	0	0	7.43055290726345	0.877470193912923	0	3.16977699398992	0
SOD1	6.96755042772749	6.9677936977164	7.15076569680924	7.12926429293682	6.6538566004366	7.61385391421898	3.2614328943895	7.53433743099858	6.28554848974322	6.82201542115395	6.55924760488388	7.29002584560309	6.0939338190424	8.05713258900412
CSTB	6.40393094081402	6.51673723781349	6.45266661300306	6.71159568440182	6.28455559327927	6.59453584168911	0	6.80634809054222	7.04727096219524	6.01116221691296	6.99953922896909	6.19202389677452	2.66062708780273	5.12465019026435
PTTG1IP	5.40510236540794	5.74583540381956	5.62696910199257	7.79462796659533	6.20184366151037	6.27905490839192	0	6.24652911539656	6.80162292660277	6.66938029924339	7.39114812930004	5.88812279610442	7.60171211380454	6.04374744754421
CECR1	5.43750041086159	4.92223505953083	4.96785176726226	0	0	4.05108865573216	0	5.19350580194085	5.49650006371199	0	0	0	0	0
SEZ6L	0	4.96346108817573	0	0	0	4.97242719930014	0	5.40038851556151	0	0	0	5.58365442757896	0	0
RPL3	8.09887378262866	7.79764181000463	7.51040706452617	7.40885749332524	8.16765546111412	8.74519862765207	4.22199457052363	8.46511051811249	7.00857564169637	7.70060740522524	6.07298239537965	7.45675336411369	7.77900640288845	6.63002667496189
PLXNB2	6.06464280860528	5.35500043895952	6.94945350342149	7.01588142346905	5.14819962920294	5.73168267717911	0	6.0443589949568	2.70446200338171	5.71716240401716	3.32450690133363	6.56127816337208	0	4.81370757025656
SLC25A1	5.13551919313491	6.06248724037686	4.77244118866711	6.00329151087078	5.61560637668708	5.65718842126682	0	6.01759502776779	6.43893831505401	5.91934666239369	0.30184774324455	4.54071537392113	0	0
XBP1	7.1239914261599	6.43618425924859	6.35670633504693	7.06080002687542	8.22999963929897	7.26471580840393	0	7.42712296687016	4.74243248393808	7.29902310310555	2.78261680326657	6.55183875573754	0.871806429208249	0.42988980658814
CDC42EP1	0	0	0	6.512923458318	6.12202849376415	0	0	0	0	4.94499867448078	3.81955172232282	0	0	5.11043306019125
CYB5R3	5.98516659814642	6.68299761793152	6.38594667254343	6.98412928443414	5.68681190857587	6.13672539598101	0	6.82961837692984	6.4971133000466	7.22933941207514	6.60384213075292	6.42922937536847	7.77640809901476	3.75268153522154
TSPO	0.370119230798924	0.116311633700466	0.969246572365456	6.27469391087658	5.73243538061202	0	0	0.927387139244595	5.68830132925694	4.9551754687793	5.03508572910595	0	8.0895540926748	2.1866440942795
ERCC_937.5:mix1_234.375:mix2	5.58307940437103	4.98535364625273	5.34074624662844	4.83859319851186	3.7647875767646	4.97052516798915	6.45880902565295	2.92094871385557	3.82031664338077	4.26999412151767	4.5446236260113	1.06489085021413	7.84481475845617	0
ERCC_468.75:mix1_117.1875:mix2	0	0	0	0	0	0	0	0	0	0	0	0	6.43168120630469	0
ERCC_937.5:mix1_937.5:mix2	3.95856183345619	4.19769100273738	2.11731935108395	4.33196171705064	3.37339760965327	4.78902496418871	3.81756741513763	2.52844963409773	4.74154006767413	4.11903458854255	2.15217432023236	0	7.43816427115511	0.217669779702545
ERCC_468.75:mix1_468.75:mix2	0	0	0	0.985896254087475	1.08509544746169	0	0.688693089372894	0	2.22612777209431	0	0.993655609262702	0	0	3.44885493569579
ERCC_937.5:mix1_1406.25:mix2	2.23646226625269	2.2708444748329	0	2.44643254641702	1.55460548080249	0.983868634819889	4.52546639952081	0.744666692226599	0	1.9700779222628	0	0	0	0.217669779702545
ERCC_468.75:mix1_703.125:mix2	0	0	0	0	0	0	0	0	0	0	0	0.762218536446506	6.55207381840567	0
ERCC_234.375:mix1_351.5625:mix2	0	0	0	0	0	0	0	0	0	0	0	0	0	0
ERCC_468.75:mix1_937.5:mix2	0	1.54251942289122	0.927832274914349	2.46858186786827	1.09819904023025	0.499600350772854	0	0.771044027266764	1.45952591065589	1.77304074632259	0.306490867990592	5.03759586330747	0	3.14641204765538
ERCC_234.375:mix1_468.75:mix2	0	0	0	0	0	0	0	0	0	0	0	0.762218536446506	5.92664654919989	0
